10000
4289383
6930886
1692777
4636915
7747793
4238335
9885386
9760492
6516649
9641421
5202362
490027
3368690
2520059
4897763
7513926
5180540
383426
4089172
3455736
5005211
1595368
4702567
6956429
6465782
1021530
8722862
3665123
5174067
8703135
1513929
1979802
5634022
5723058
9133069
5898167
9961393
9018456
8175011
6478042
1176229
3377373
9484421
4544919
8413784
6898537
4575198
3594324
9798315
8664370
9566413
4803526
2776091
4268980
1759956
9241873
7806862
2999170
2906996
5497281
1702305
4420925
7477084
7336327
2660336
9126505
5750846
2621729
661313
3925857
1616124
4353895
9819582
1100545
8898814
8233367
515434
5990364
4344043
313750
7171087
6426808
5117276
9947178
695788
9393584
1705403
8502651
2392754
4612399
3999932
4095060
1549676
3993368
3947739
4210012
5636226
9698586
9348094
6297539
6140795
3480570
651434
5960378
7097467
2066601
6710097
7612902
573317
3570492
7926652
260756
9997301
5560280
2724286
3209441
4953865
4429689
4228444
7346619
1558440
744729
3958031
3108117
4738097
7905771
9834481
2890675
120709
1698927
1704567
8777856
5179497
4872353
7254586
2276965
9455306
3964683
2406219
28624
51528
332871
2805732
48829
8409503
5530019
3258270
3363368
9959708
7486715
3226340
1518149
747796
9700723
7142618
8002245
122846
9493451
892921
243555
1192379
2597488
1537764
8888228
7469841
8792350
1165193
9441500
2757034
6087764
9470124
5324914
8936987
2275856
5373743
7346491
322227
1148365
709859
281936
1151432
6452551
4316437
1899228
6153275
3975407
9901474
6276121
3468858
794395
9036029
4661237
5908235
573793
6065818
5894428
9366143
7231011
5335928
4639529
3318776
7322404
9964443
2255763
2114613
7854538
2118606
2436840
9002904
5344818
5235128
2670688
1797369
2067917
4569917
466996
6043324
6987743
9259470
9512183
298490
8295499
6689772
6206725
1385644
2755590
4617505
3268139
2502954
2469786
7907669
8338082
2308542
388464
3110197
6939507
759355
5228804
9376348
2278611
573622
7127828
4949299
4887343
9195746
2035568
5354340
7755422
9023311
4613810
7267605
9321801
5425661
6473730
8044878
6811305
9229320
5178736
79444
4248626
7648522
503465
2586708
2473416
3408282
8213258
9412924
4167637
3442062
1305624
8962600
6532036
8433452
3911899
1419379
145550
5947468
9290071
7900973
7487131
3903881
7684930
6808933
1845894
4158660
7370163
8657199
3387981
2548899
1252996
152959
2713773
4272813
2739668
5187190
7681095
952926
7116466
4365084
6911340
8422090
3327684
3443376
6855542
9755936
7379107
9517445
8219756
6669179
7418418
5706887
3089412
5103348
5032172
7451659
9262009
2402336
8625210
5166342
7467587
9878206
5319301
2697713
6667372
575321
401255
6864819
4044599
7517721
1229904
955939
5939811
7073940
6915667
5311705
9346228
6811127
4829150
7565984
5996658
4763920
5789224
1602422
9867269
821396
9054081
1645630
5740084
7679292
6811972
3207672
73850
4647625
5905385
6741222
7739299
6306640
3606042
1783898
6340713
7352298
5256190
2280524
6942590
4688209
108581
6288819
1499336
4937732
6371155
7495994
2218004
2160379
1614769
2085273
2981776
668850
6247255
8721860
8348142
5575579
4445884
8421993
223205
2867621
7679567
7962504
1690613
3801961
2262754
8031326
1154259
7518944
2828202
613202
4723506
2936784
6902021
6222842
390868
5789528
6235189
2608872
7949908
7849958
7210498
3448036
8518808
3457753
4686248
9383303
9033333
9132133
321648
1772890
1999754
517567
2251746
3690368
4319529
4514500
4238046
5473788
4549797
7066249
6086990
9273303
3033
5505363
8012497
2910253
1294892
4247686
5519125
1761152
4613996
5245975
5209188
5649157
8703729
9895436
5032460
253414
1543921
7870460
2026304
6060028
8388027
4278050
2266748
2707556
1308902
6504794
697697
5858699
3571043
9301039
5132002
6090428
4806403
3144500
9000681
8617647
9908538
7036159
2895151
4522535
2282134
8104339
171692
3502215
516127
7720504
3755629
2060049
5590964
8298285
636429
6495343
2576335
2903177
9202900
3885238
9407971
2416949
2260289
5495367
1717988
7392292
1585795
9040743
3053144
3102829
7658390
2961682
2655340
553541
569
7453826
1174232
172261
956042
1690360
409117
7228023
6266761
6000081
5526309
6903190
2495425
618996
9806367
4214677
4504234
1730690
6631626
6764524
7226057
8349614
6673168
1328205
7390358
9726312
6947386
7565100
5204346
9602726
634994
5204916
7056552
4325578
7893529
528946
8532290
8302647
7756970
4799051
6819080
5799631
4218593
1830857
6418627
6541312
8561886
3439214
788355
5193512
2720090
8014412
6059479
1909610
1858969
5966189
4152274
8806355
6047641
9356620
925433
9198987
7077888
498338
3524566
7487770
1027284
2056856
5790417
1300606
9372260
5125849
7100237
6107205
9473059
6035217
2648518
8034945
1990783
3436873
3228458
4710873
3967637
1804289
6620483
5826607
7770478
772757
7149314
6334471
2645729
591100
5533459
9723618
1089438
9058025
7211388
4633074
3631233
5518157
5933681
3003493
3160358
5550270
9110699
2633417
4101839
4275569
668363
6092622
228794
6413173
3319847
4196431
8217462
2456682
2539390
8504292
5745791
2205057
7355115
8391521
2796157
2888574
631491
6401947
4462951
359231
1035021
610537
8393740
9485054
3614030
1554098
5035325
5241081
4187516
1653516
2033002
7372231
7746139
2261796
3785404
3582338
8974580
4519218
6039021
1513970
5539862
1784812
6235379
2894977
2692685
9031536
8299904
3324176
5433483
5279207
6199759
8984857
5889744
4593499
8469911
2020127
8663950
3505236
9777560
5367818
7675105
1810563
2740049
5421244
6588711
9041805
1519934
5563291
6077375
7558955
9593614
4133589
9343768
5828993
9544918
4552805
7376882
7844822
7876982
5326717
3124030
6593093
4311574
1530126
1186593
2781486
3550253
9850543
8803074
3327814
7734713
6478179
5138377
474762
4415775
1727088
2032919
5935710
9806732
8110294
6011017
9400346
4760235
7871137
7745691
4305153
2423943
5122573
4666328
300925
449291
306710
6894018
7277217
1836836
596963
2575055
5387090
2963858
1378130
8714904
698571
372661
6369633
3689685
7304789
613073
5722604
5756851
419805
6349250
1767868
2336503
1109485
9639006
82195
5414639
2062949
7721120
80967
4880226
686763
387677
4290596
7963981
4740865
4887560
539036
127955
367770
4433518
1359211
1066342
7322532
245196
7272379
4627321
858270
2994984
384172
3794427
9344234
2152040
8647283
2970072
4307398
1245830
901063
6370347
8966950
982030
1250573
9653714
3886059
8057522
134047
8626924
2945082
3189435
1271232
5829204
7622954
2630443
9411898
4945486
2875640
6684278
2089159
6250262
9679262
4989683
2561041
1539848
7141723
1208324
7026272
1449122
2454154
7927335
335821
3937457
8909365
4102747
3591171
5311776
2160269
3725218
3938701
7621703
6914653
5209933
3450907
7053959
356728
2862806
4515797
5748720
9547084
9121308
4515334
1742698
4110991
7076376
5798898
1252715
801052
2825171
5218189
5771559
752506
5554010
9709016
2178224
2173109
5816539
7490000
4333378
2058109
3945053
1955081
1489114
1671338
5405989
1059426
2028067
785147
5575223
7776787
332231
4696532
2292122
4591281
1323875
1884850
390179
2576590
5202254
3215350
311131
973813
3967857
8381494
3199181
6146081
554603
9015720
6152433
4887982
3590181
97487
9359415
5079296
1768825
4765404
6138722
3796892
5550551
4230297
4090032
8399134
1443181
8898506
2990415
2767057
3299708
3380595
7859999
8501962
9112297
687483
9475776
3080154
9068977
5191309
1742587
2139932
6723382
7895021
9544266
313563
508860
8903682
7909211
2277685
3669086
6564285
8590930
1735990
794583
5197314
2651476
4754116
4095820
5641892
37525
7395528
1538839
7897525
5897490
651136
1101360
7889618
6247643
170337
3080928
506582
4826621
9804310
917955
4370888
2634225
1426815
3274570
543437
6220853
9460008
7107722
4811783
3712350
418657
9097
6363827
7689126
6621269
4522071
7726651
6533149
6060910
8140528
2430639
9228398
9241888
2836610
7992393
1928577
8433890
8498976
6755199
754552
9416931
1126087
3388777
3360099
4400657
6448566
9580952
6377017
6072641
4392735
89368
6491298
6918184
6453195
6696776
6055805
975266
4423428
2588954
9552528
5080308
5019593
1297278
4322197
372555
9289672
6250774
8806445
305000
5522325
9560997
2238283
6648412
5466127
5598382
3565421
1914693
5179334
9942439
7987334
2088421
2548159
6994985
1522957
9001354
3691761
7578762
2492972
631541
167716
4561852
5711850
7703662
8375482
2550399
8076217
7665154
8801173
9399015
486506
6839851
1476364
2724790
3488263
6942491
8323172
9570037
1373537
6018859
2028828
9360871
8107280
4576987
6355856
2146590
3578341
2563970
9725352
8587665
3195511
9893069
3149517
8907361
113083
4041351
3974112
8189300
1706506
5291638
104667
4709364
2131489
1581032
7434154
8136104
1039875
8273679
7706141
2413412
4292538
9734969
4290636
4916170
4311956
3162844
7062760
406649
5726814
9304465
8994314
8922326
1713886
4660183
346039
1826969
8701535
4320152
2532621
2924393
9611790
2637289
150109
4259631
6734673
7584264
2395735
7774548
8374295
101877
2704313
2666833
2353198
6994949
99355
6665155
157793
9678468
9588156
8400960
8982933
1098823
7323286
3213171
8275358
185677
5040140
9493245
7022181
7572761
4933990
9150323
210050
5084100
3409954
9461075
2668364
8322042
7235624
1042659
8423919
2456289
6225844
3293469
9451238
8841551
2474976
2125383
8520019
2063133
526343
19304
3161956
365981
3232475
3953666
3068011
788967
3446912
90192
8361729
8380902
1756868
1088131
3465002
7683174
549207
8649718
6005216
301183
9692377
6945487
2757472
8434573
238957
4725062
7276125
2713933
9366797
8312496
7293418
9893141
848153
2971726
2775474
6596980
6925393
5843485
7385948
372305
8450030
8264029
1269559
206898
9352160
4734562
406424
2417719
3384280
6411641
2718902
5593010
5873480
7992726
4027583
8628789
5234140
1303708
1342723
4600938
2132557
1152493
7010431
2980710
4124220
9785905
9577690
1049613
5629391
6963638
3938270
4079421
5227667
5207829
6802671
7096180
2458743
7209095
9513899
5843024
6137088
4749154
3952386
2010569
5258232
7979969
3155710
492373
1800030
4498433
7609663
3932587
8167279
4620094
9429649
2291499
6922351
9007339
5857464
2551742
8487330
2312086
9147515
6231349
7519915
5950186
5843881
2495011
5675634
7874133
854387
1812722
2623287
4806773
6339643
7881519
2786742
9495354
890244
7103124
6510139
1016259
3552063
4677418
5636353
2981712
9485269
2558705
4505404
5342733
7626799
2992734
7654819
6774315
1740435
7691087
5240853
100669
2702450
916487
7974802
3556837
5245562
598089
8363610
1585205
995960
3666704
3596911
4402557
769829
2623403
5418816
4321892
7300821
3571522
7303605
9302443
8646579
4325361
7161528
6273378
9834447
7332700
5564045
1574882
5023787
804899
1675551
242589
1721386
9650353
3799426
6966948
2764794
2163036
1068506
6277107
8346092
4665417
679664
9115921
7288820
6098480
5954166
7105994
2186354
5774123
6408437
832933
99484
6086317
7106312
9933931
3419017
5186709
4025165
959156
5991608
8217069
1201745
7712995
7867422
5001171
7196295
3148569
9680559
8264801
9425676
8026652
5446571
105340
9658925
5251743
8720172
5613091
4874089
906527
3903566
3798878
4255812
4003050
9885196
1362124
6453333
3304213
9065186
478499
4263370
5056794
8695568
5465115
5286141
9079342
2982639
2482437
4744263
2663198
3263590
4169939
3206202
1226513
6791631
2865128
6478257
5511804
994571
1352346
8934683
4898138
5151225
3190495
1417540
5036421
7068972
387226
8340634
6134158
865725
5120356
1190952
2077645
585472
8993446
3673339
3568111
1475883
8417603
8747661
7255825
2587542
4470216
8482339
9379174
7335344
4960596
7407330
846267
8829294
6342013
8260757
3980519
2048860
2194650
1533292
9117832
2581876
2390279
5251990
5963953
7510635
8959295
8041598
8096107
7952741
1714937
4180570
1944976
132540
5444584
9200801
2720083
9914800
199492
4615609
9766496
7676440
2022939
612763
6505735
881304
1389873
3002606
2930164
3584523
7052251
4564349
8682751
9442530
9816339
4646704
6953165
1291986
2688302
7565625
1761079
6919591
4262547
6222407
9568484
9707131
7939561
4804919
9621931
8139053
9420528
9388427
5815494
3959819
2517543
4837581
4841123
6423768
7840187
287639
2524643
4892438
4851988
1207394
6851320
7184680
5854098
3804486
993018
1058752
3886463
2754098
494695
8149010
8976505
63179
7856142
6916066
4868098
9994425
7571472
6804978
9382853
3386966
764797
4416748
8224547
8122272
840516
8581086
8409912
3365159
5989877
3261900
4572553
2841197
2962932
2943003
9162035
3955951
6518107
3048498
6710049
9529154
3713861
8202906
9592334
1570003
7635325
6976784
1564428
5206797
3781763
3463633
1110115
4546560
7880381
1851014
5185185
8720897
432100
3595097
4602408
8938329
9373349
1691313
4295879
4852634
4634316
3457914
8808585
3668775
9022765
8034986
3197930
2736626
6237892
5306616
4306629
6389569
4799752
8387409
1596366
8581515
4367395
5222833
5644428
2247776
7073847
829613
3485026
22300
6941062
603786
8960629
8830763
2295100
3256508
3683397
6929416
9230775
2491982
3114544
8253540
3043320
8828826
3506518
1797565
6651794
329499
8187134
1451546
8716908
2299853
33062
3084303
7522686
8193842
7848432
4596534
1539807
3849810
4618834
8480869
4453596
6095815
9827984
6748696
9352324
3511382
6194465
1099451
8519716
1825361
1869343
1563037
654187
5375861
3360602
7305981
5705360
4064088
1273879
6938620
6363941
3823293
22924
3886628
2017135
387708
8483162
3556942
6753870
3101996
4554163
1207466
9197811
6898500
472515
1066487
2926234
9183332
4682290
1445950
1008693
6551633
5525339
1662880
1927494
1402293
1485213
7632854
5466382
5275444
4571475
1830323
9098738
7110751
5716951
1115873
14811
6716465
7189168
6768681
2334813
4259683
492499
4048977
3674535
965014
5115464
6600769
148346
2314107
563072
3673391
8865740
6088411
7852623
3309587
7057
9337836
3458793
5473439
4613281
546620
9820114
6228371
7657371
8053418
9860596
188534
4769883
7049764
9473567
7104697
3825800
9966067
1153674
7500335
3447433
8785490
6617457
6112132
3615949
7180529
9785523
2481690
5785292
7638147
8307629
5792349
9492335
1766422
3782140
6621968
2313043
3602255
2850339
2486766
4172025
2710936
5191653
1458260
2277052
4665220
8562957
8619204
4631287
2232983
6119540
8078721
3534826
2736997
6707205
9667127
2433878
6492728
4665169
8219170
6647227
2972798
4011520
6139563
4739221
7793660
5277883
9568616
3912267
8128223
2055382
8084292
3355511
7247035
9542553
5632563
4428608
621862
4251768
9059895
5371198
2887660
9654968
1422376
8141009
6362173
1089503
574887
5371254
5754673
8794057
2018481
1243823
5321929
674396
5983044
5631942
5952280
8068012
9544209
6596855
2639747
144854
9952366
2403134
2203759
8101281
6831742
5341973
4869401
5891638
713171
273413
8062958
4651899
8414422
6941484
8257755
1505661
4829090
6528780
2816071
9363923
7772603
8138000
38320
6272000
3769942
8506952
4340012
5830504
5103807
6979759
5975358
7572525
9382894
8179117
8190158
6214636
3521090
3059560
4622626
6750614
3332973
5201937
3918865
4263748
2143421
2176620
5769409
9488863
8705400
1101832
8852786
6478004
9239833
1407458
5266356
5526127
9914410
9606368
1356631
7534569
6586128
9848341
7623446
8485374
8027458
5813605
4700010
4064901
8873165
1838989
3331867
4722490
7040926
7250732
8986238
1700699
1943705
7272000
1189562
3165457
8373832
42348
9643461
130017
1449807
7426169
8172497
3880569
7032538
9529128
1415139
6135018
9377470
9038585
4620392
9921280
7368542
1836754
6502533
6241707
3675743
9834400
3480550
3233021
9601485
2466788
4933720
1545190
2255140
8639634
4710647
3145325
8681983
6870461
5791694
2648142
4296630
3964191
9045063
3845520
3493320
2976554
9980538
5387142
4531492
4600930
5308422
1900034
6437685
4327308
658094
2629780
4161708
4138644
5862802
6279545
9121784
796522
341087
1376925
9436157
5051735
7038602
634492
4438548
2830296
5798986
1251530
9310840
4844049
5097051
5320512
336956
5077589
707654
4868448
2194872
8532428
6768482
8632557
5376088
7426576
1262337
9537797
1565220
7125139
8333694
687005
438014
8674782
4580282
2390523
6242869
4135236
3025015
681417
9481884
1340353
4449299
8792724
8700754
9546350
4113236
9037710
7140292
7337242
3906158
9335164
8386023
674641
7967721
3762111
617569
1746410
5816260
2182790
1387902
4149955
5386147
1825916
5341089
2482781
4216439
1583958
6618017
9757806
2265375
6099901
3614511
6714674
7408978
2315265
8777377
4038566
1352976
5917669
3892161
5259134
5252833
4794536
8450127
5736906
1072999
9067697
7483316
6889260
3766839
1387570
3555567
9152986
3213486
1413008
1635767
9946277
2996966
770136
2220435
7778693
6870037
5834946
7009719
6795367
8150212
5787096
833934
2019540
4221117
4726095
7278674
9473950
9520631
5728802
7727208
593630
7312851
5210525
9999242
1079690
9114447
6071161
232676
2327934
7484169
4384795
4790563
481135
5154931
9527351
776180
4541320
5362297
7785900
1336688
6028861
3572996
4686974
8048401
7794114
9413069
7843428
9784416
1450052
6088582
7511625
2043682
3401433
5238502
4559277
4481123
4352949
3146790
7230151
9197235
630960
1614946
3987799
3628447
9286229
6031502
4404628
3827549
1393799
2190528
7680589
9939013
8279876
2367563
503766
6073990
4296984
8347194
8374759
5747036
4435776
5886384
307071
7837209
3641238
7382700
4834684
510539
529490
2064835
9707775
1160450
3679781
6211926
7305250
5482362
2243428
1709878
1826264
6153579
6416758
9506853
8608944
4696634
4390769
9112711
3286977
1204105
9976257
1661736
6951142
4412034
64472
9774565
4765595
3705710
7157265
2116632
4216249
203107
4181467
6440376
1363558
377601
2652302
1185160
5859963
7412082
2895038
7686227
6082014
9311796
9709433
4690958
4008430
6616554
3803669
7295407
7820659
3779927
1473495
4771801
708313
1537967
7062718
7990260
7760029
6736335
106892
4492631
6939443
6804712
933007
819353
7182313
6101662
2004513
5558628
6030096
4899551
3244856
2112110
6727699
5470641
6803069
3252481
2087195
3123090
547889
9907854
9419369
4537736
7196008
127682
6075704
4258726
634295
3835733
3511414
741187
8328364
450857
62251
1777724
1270210
7244564
395738
3274723
2803193
6425834
690626
8564401
8537945
7418325
6551394
7857366
670806
8638589
980456
3735047
1062795
399826
8272784
8258803
3043860
6864840
5033882
3678155
700573
1061648
6935695
1545290
1512505
6997946
5839366
5299067
6758863
6235104
8573790
2078408
5177290
1780768
3159161
3715235
9199093
9710555
1572601
2386251
8349144
5069410
8637651
1928291
7985588
6910435
2703447
1029448
3775275
253681
7223956
6992200
1315329
4159651
1053842
2827834
3673949
9409560
8126901
2949164
5644664
9217043
5027572
821955
997811
8186733
7053542
2713256
413640
1142496
7615859
1279136
8728258
6253510
3207428
6713846
5680297
5910875
7743294
1971924
6164556
4967250
8964125
7479885
1643253
2534319
2824071
7833555
1943880
3467324
782719
104896
2684367
8326644
3443203
6198530
9029729
496746
8911786
9443370
4155594
6527645
3238858
2883852
5297508
6446286
9597698
977805
4873513
9857344
2949730
3554421
7340947
4430207
3550658
8984200
9480878
6374729
9334107
1424758
9842053
2633179
4046007
5042772
3476175
7489210
1241302
2505904
502308
2669440
4465626
4657902
9197086
7704485
58106
7010946
6667123
9655804
7988751
1540637
2029501
3454833
7611410
9370448
401392
1162069
871000
9882271
53150
205108
3823381
2411556
2838287
7869388
7454328
6314462
7874951
1211983
1336718
8377259
3881423
5802345
5551514
5594861
6023182
8125972
2605807
5206657
298129
3110911
6747294
2327630
6565744
6875057
1698078
6967137
8037126
2569078
9365760
606628
2774186
3189141
3018184
8128825
3574882
2988865
6959639
1449833
4200848
8296358
2343444
598623
6615055
411310
6193485
5154589
8537283
1315644
361246
8835412
4426555
9624893
1163042
992300
6499950
2861120
475789
7053428
7946550
9841549
7660056
720737
5547042
678241
1365914
9121924
6183458
8325554
3088109
2900658
9138264
5431554
3499281
5753319
8359216
2209118
3424260
6896499
3524763
3785506
8248263
7951318
3410399
9411305
1459970
2426701
4788777
4452111
9480129
2735328
6810012
7140186
5972417
2357055
334779
9854683
1478979
9034589
8180237
4567089
1935247
9834853
2514995
7950880
8104524
874211
159999
1528784
7770711
6201114
7830643
8535326
6668784
1241042
7946632
645107
6184096
5251761
5097218
5664225
503441
1907231
5320763
8992210
4264286
8171894
8846894
8259617
9722835
9543483
5343058
1658082
9378337
7858053
2125315
9999213
1248617
2285314
1527998
1535680
1002780
9358641
71006
7671564
3116035
8017638
833023
9300131
5785752
5930242
7480709
8805545
353825
5317824
7797756
7134463
6006071
9161002
5394080
5728906
8704485
3253491
7386989
599174
1111544
2028656
598388
2360161
4313970
4642738
3895841
7833102
4001379
3966848
8021018
9633766
4500838
8854042
1450250
2802942
4784284
8930959
1608488
7654461
6765135
1922596
4788924
2771206
1083598
2699356
8500113
2304435
5952847
8403454
5419962
9580744
432110
8534702
4457257
7262432
3177440
869451
7611886
9695171
4836299
5632904
1845289
1853489
4486946
3295539
7172784
1787582
4742850
8781272
9442043
1507986
703868
6747319
4279192
4303818
9446676
5295657
6608253
7915875
6215463
2028215
7496619
9163925
3079269
1953877
8942709
6256709
5339680
6554595
8468232
2692331
2187500
313522
4545820
6674446
6125413
4234956
8462029
868264
3016228
420424
2376250
6236448
7167744
9171794
3056618
9130772
6983804
9664872
7046647
3199267
4209439
7059619
2363193
7288709
1529848
3822254
6061770
6869528
376850
7046355
9561859
2564350
9876229
6624031
1755148
6001642
858988
217177
6869906
6391568
3153954
1762508
5144369
321698
934303
8200987
9452470
7918107
382211
9015469
3633726
7108003
8591440
8513271
6913064
121288
2335526
5491186
6990816
2712376
2537541
9069027
7793078
4930122
5693059
9548226
931765
9068399
9765404
318023
5459967
2919358
2080532
3120688
5757408
5531187
1321676
7726230
3449294
4220239
9258051
9599372
1328242
7849492
8112644
8241306
7970780
2964522
3732493
7477949
5676898
8786386
9063328
3469976
3716509
4756387
3018202
7164626
6341138
5299958
7482649
4317458
735668
9563181
7438146
9009428
7610720
1276174
6735658
1060014
5496414
8510062
3175739
6824656
6359554
3804735
7582315
4330334
6769257
3831160
4324635
4962507
2617546
3387964
8432483
6334055
660703
3967037
6015033
7001842
1783348
3497683
1319300
5035368
5577216
8757446
6561149
3187937
33621
5813159
6764303
8046387
4323221
9940042
4871043
682775
3744777
4969710
7529462
3030386
8800870
1854097
7992893
1418417
5242061
8941728
268824
8419117
2908766
6283858
5420959
7208466
2297893
6740259
4760186
7875109
8014057
1321335
1063046
564030
7134495
343702
8610417
1457716
2800096
5997813
2140492
6544874
967523
2186306
9575260
9768394
4040403
84506
3703163
1798817
9026234
6488339
217934
4451352
5288549
5638893
1659818
7586442
4895504
6420005
7977904
5425913
257692
1557302
5989944
7392187
1901004
4600361
1366256
4701101
3114526
3506748
3762327
4082050
5693054
5853939
6366796
2249809
5938445
2586311
4048626
4964680
1591002
6782912
9416032
6879552
4938157
3592203
6982346
9833661
2528560
4960250
7775927
2786252
6517553
3765871
178440
8418557
882584
4061048
5636010
3997111
84148
9398337
595513
8293554
5252277
9478661
543363
3707074
4581324
7108342
8671754
6172326
3891254
604139
3051878
1345764
4196342
34225
3695777
6724902
7510827
1471704
9511154
4028380
5237575
2205946
4963290
6120160
6266994
599300
2633623
6351142
2513990
5745488
4644696
282619
5224149
7704412
3989693
2321825
4812754
2661448
8494151
1220360
3265587
4062382
2566124
7461929
6612959
6261902
6703183
4123786
7733606
6214337
8152167
5487534
936636
5631809
4124046
7203630
6231109
6757669
6071125
1261451
2503157
3232173
1544070
243658
936585
5533764
2565483
5749339
711564
3575986
9486052
6493503
7638368
2052176
3955432
4251327
830430
3174967
891466
8564037
9389304
9043633
4051571
2842292
7191794
8175617
2562275
5939255
7449638
8633400
7200707
2469147
1865573
8744777
5229157
2802159
6794893
310992
1067850
7506457
3886978
553902
3999960
1525347
5122431
471744
8293026
5952861
3646711
9184492
4516898
5552368
744477
1084821
8394660
7936271
1776790
3473287
6391879
1742780
2106687
3592586
6728279
6488613
2337363
1957436
1807124
1648609
2268428
2874974
9155066
8671759
5945229
3155027
2713458
1067660
3626771
1006484
9536873
9789835
2707329
6570124
5342203
5968158
7654945
6253215
6420782
1948088
9726503
2812661
3690868
4349542
6405247
2935500
838155
1258962
4892936
5161631
2907571
9677717
552958
2062638
8349476
6498187
7734017
1062934
82199
3877140
4585770
9619072
6183327
9809451
6189196
4041882
5777610
6360494
295098
2198392
8308582
2537953
5011053
4515802
9403847
3932652
9967654
2758355
5191614
4860591
7919986
615538
7054660
8472944
5194528
7920488
7487483
2928545
8983422
86034
9322037
6085544
9705107
5505365
5894996
8410655
9547247
1672606
4771149
2358697
6387350
5596083
7413002
1398403
2628238
6816850
5331055
2595892
9575205
3039021
9972835
7495191
6170911
7027495
8484488
1365439
4947983
8488323
6810336
6447757
8574358
8648726
2533302
8279465
4154091
944650
6690120
6217690
5133608
3977622
8576388
1520958
2090057
5989390
2919361
4718295
2806240
766768
9830540
4897797
6322141
9803375
4909341
2493053
9347223
3393829
6374844
6811558
1882152
5701533
3259316
456510
4350259
8308970
1252327
8504350
1769972
458800
4722040
6903580
6952774
5814780
8424538
9042831
1804171
1343899
6277479
7126763
4627019
6108019
2024561
3465512
8427746
9450254
8474917
7774969
2844083
4849762
4586528
7242587
551295
362196
215450
4901554
8671166
3984129
5922256
441138
4442929
644296
7344718
3912055
8975429
8285608
2954887
779600
9629507
1748718
422715
6772878
7856737
4963628
238390
8800835
4413882
8713308
6575805
9774317
6079422
3678685
9533257
9147069
4040881
9748707
4048623
5228399
3732836
9970879
8185889
692118
3131527
5530607
4604173
2106956
3816215
75412
5402908
5962074
1824130
8341976
5251304
2197219
5821956
8006046
998055
235839
9235706
90212
2526508
5315128
3768897
2059765
4462197
326130
1808472
1027172
5554529
8057661
3514403
3740418
1266131
9162283
1787377
8386656
3785591
8119944
8462069
1704852
6598370
2802551
46828
4366026
7516123
5868784
2372072
1030530
8620975
1607779
3637094
1147484
9439259
7405991
3207249
6417809
248473
7532074
7444981
5803002
5589735
3475737
2059772
6855866
2638020
6363501
7758874
6423611
4483445
6220943
644815
3598167
1539847
691643
7964193
1572322
9076780
2852617
5119204
214107
4460396
8756298
1361591
6416008
6162289
7085193
2833817
6410762
4617267
2795150
4730116
2723354
6270887
9306240
2095572
1425259
5669741
9854446
365223
2669538
8591742
1010038
6267705
131589
1701682
6748250
4220263
3294814
9600867
9339467
3508921
6577616
8095765
7386865
2993624
6774406
4472058
5827441
5701520
9089325
8622591
2947988
1812679
7409831
2254228
3908251
8835090
7923969
3762697
9200313
3109859
4870791
210352
1893916
7518732
4428386
8642166
1738995
7723200
759385
3594814
3748473
7337001
1690579
1135338
2846977
981337
5607396
8674418
6682857
7213073
9813362
9630845
1542104
7223193
4401425
7966707
8574635
4841746
1729405
7774949
7951605
9116548
501653
2361873
6635281
4930039
1004039
8374276
5169591
4279777
1969091
8918064
4133130
6176022
2569755
6980108
7157360
8177151
5654526
6356569
7906577
7984240
5987415
9448681
5207433
2905192
7415389
3782069
7746939
1661146
4073370
8214896
777694
4575023
576770
7412975
2021414
4097161
8303604
7191005
8376938
272695
8625421
2510069
8965069
1195176
9490177
6122429
1888680
7661055
2478999
9795257
5645296
982766
9243938
3369081
3887958
9175679
9667502
4151249
836825
6257224
2366146
4130872
832247
2942916
1543847
2853661
7040077
9847451
2561018
5417016
2636498
1186440
443437
1601568
2381616
2449966
240349
4270296
111021
2719348
6581905
8272669
6218466
8342196
1641751
2622777
7517875
3825605
6774026
871053
82830
9140172
5001925
3431429
2083088
6545772
8801443
1639518
8909576
1362461
9572886
4062426
2548901
16323
5663994
7446870
2466289
8420696
4233518
5093662
3656396
815424
3366332
9874863
9157620
7524435
2497640
9191847
3866392
1788018
62900
3949222
3444543
5064825
9897004
8043983
4126950
8698447
9683501
5552878
60908
9256387
9615304
5126162
1789062
7795651
2573032
4255351
6216347
9322902
1865366
9872743
138326
7748050
2263958
1812298
7788837
7277950
3520498
1655229
9065969
3583398
8120804
2510512
1164576
8017808
3070847
7807878
6716255
2754349
5877108
6777163
2010736
8008764
4419677
6316151
5804415
6992709
3087854
4537114
6315612
4953220
6926210
8970290
2701270
9190168
3298941
490107
8984471
6819439
4661689
8050440
2919189
2782493
3077304
6600117
3316653
6148151
6924347
32908
1418852
2801455
9326423
5945941
3326572
3746101
2262092
1647339
3255162
5349946
6184454
2087126
2819519
5627016
3573769
5520789
4817184
6872710
8527249
3801655
6208501
5705290
4368447
1644042
8487783
9962103
760512
4320788
8626607
201211
4353696
2561811
5519019
6196471
8507752
8845591
2458924
3286196
492930
5714087
8636143
9193736
317565
1455662
4820752
3891334
9492803
2154289
3280396
536404
8472296
9488897
6241694
5357096
3649292
7245829
5319199
6926156
1566617
6462158
7127367
8436665
1540322
2646386
4633137
48074
1491977
7092061
3334271
1984908
5322500
4486766
3694996
5640066
8458780
8515749
9531400
467935
670038
2811797
1004340
9142334
4817046
9762386
4499430
982690
7008216
2334982
7908846
1091185
1313492
5036214
9527851
2853814
198952
6677340
5418241
1690930
6285753
1268864
6192190
1608254
5755630
9887186
9764672
6730762
919287
9296072
7198697
1589325
4624221
719389
731660
1957620
481776
7747442
2940310
7489992
82424
3365509
1097529
3912269
918075
625380
6766083
1117027
7302720
2184324
5324309
3588474
3453188
1516499
7713080
1725170
3920038
7477752
8455932
4839325
9290176
8170982
6428651
3914398
8890371
9676663
8388370
9372147
9940457
3845032
9378491
2539234
7210541
476021
6451503
8128616
3617753
5733938
1761996
3436826
7918263
7086305
9541652
3887803
1119157
7254732
8129326
5039195
7248836
6585258
9878520
6539012
7272592
8823523
2969762
6162964
1016538
1358132
8051463
3473348
5203165
9946307
6012582
4930058
422328
4980437
5575027
6556433
714375
7337023
9993259
1148990
4423328
9534911
7553146
5542485
9305995
5682472
3098032
6554831
4784082
5492905
5610196
2056675
4316428
8579958
8219639
7849319
2454443
8787454
1322667
173960
8733761
9851601
7620370
1672441
4832038
3195397
8228875
5546413
532420
738486
9211756
7472101
273398
6764902
5530938
2095745
2447374
1145323
1166929
7231456
6638228
6777125
9288131
3471008
7873435
24122
3836679
2844230
8811577
5159346
3018190
61690
5010947
3154913
1734132
2359337
6350310
9963007
7905751
9399083
701493
7117507
9387536
3491243
3882409
7434826
5586989
8846135
8580149
6753918
6077591
5218377
6047395
5365723
1205738
3920830
7906197
5042417
9281413
6717774
2718116
4815955
6779465
245415
7970868
1029949
2604753
4321179
992956
3026856
6236614
4210801
2660715
5624150
218397
9059476
3058976
8321738
7905611
1639126
7592008
3983202
9373855
3639403
1865277
579593
76585
9771475
5622011
9357998
9005601
8340127
6690306
8301418
8585542
4661174
9331367
3706647
8982353
324323
6733503
5218967
7051477
9394218
3359469
9786226
8453694
6418446
8107964
6359305
573924
5699972
2858860
9947779
1855727
4724137
3043725
4448664
7011964
8665736
6323015
6017566
9522215
3013321
4318984
624109
7674495
3650352
4330757
9173201
6491027
1064260
6908520
6058856
2974831
267990
5845082
1428525
9202788
3953046
304183
9776712
2169370
3163043
9724491
6541449
403532
2768216
3506466
7415497
3950304
9829481
3433063
5988871
5359154
268399
6612981
5550001
3918751
3460090
4723202
2926131
7040702
4148075
8984987
15533
4416065
4830070
3960411
6135205
1299468
6780946
5911917
5985191
9943989
8152760
5042992
2863873
3437329
8549458
279370
7387633
895291
6228785
5892857
8770797
9013537
5022190
4320799
2932288
8482280
1560353
8374771
8039334
5708428
7359759
571220
2640845
4706181
7047983
8776050
8522001
3828929
7204319
4507192
6289270
5357080
2066537
9153143
8794409
3132347
1948866
8698394
4027639
694003
7107603
5314788
9707540
2129793
9635587
5156181
3128425
1195941
3530952
3684112
9420721
3407063
4255332
2061567
8113244
1303315
3353969
6635246
5132244
558289
3658790
1421514
8431721
5725327
3091009
7226130
8857675
5039875
8440876
5401666
8250231
5548480
716454
7957771
194625
352042
5630304
5839403
4064335
9161257
9523515
3485056
5084672
3778847
8062975
3197917
7598514
1416945
9833163
2730758
4491586
3491953
6668624
2923307
9217281
9759633
2665789
591308
7315861
3623017
5992974
5566092
1687849
6709428
6040215
1882475
9577822
4186872
238230
3642157
5864481
9761745
9643566
949153
3540592
7706541
4147070
3655458
1639838
6496585
6386216
6131424
9988539
5571192
1571083
1722172
7847177
4236872
4829832
5163038
376242
822806
3245482
2064091
48586
1802050
6462918
9626409
5988922
6701148
5784918
4369755
8979245
5428484
5318908
5036189
5651378
9465979
8691647
7291216
5962564
7594215
5938993
8467455
3165407
7510076
2705979
1012585
4263301
7535811
8691975
7155895
874969
4453810
9219986
923556
8772212
8199257
3066317
7277486
7416757
8851235
1647241
6396003
6796072
6966149
1432192
2447450
8948480
123840
2255018
7427397
7718055
8194011
8411204
3399815
8220440
1117184
4412400
5000093
1169347
5620727
2155988
2044317
74537
1375974
2967873
1363101
2091583
6034190
8640587
9508341
7401777
287828
8420696
6714201
9770330
9852888
1678003
8718810
2493080
3933022
8662559
211136
4643385
7073764
6127303
5380177
707300
3056055
380270
1876647
8676782
2536258
3920964
1267672
6428585
6888837
2630773
8520168
5439379
1271361
544861
5357509
1559189
8965557
2071710
1329519
8818446
6266066
2564682
3827878
199088
1227241
6555366
7358825
817357
2682669
2739003
1524657
5738724
5635625
3401305
4415507
8171884
7322269
8199531
4600469
6727459
830304
5636989
4683190
2101665
6181851
2557051
6177207
5147408
4628762
23078
6482206
894828
2587760
310085
3610268
6331354
6865451
3485445
7148711
9548121
8740800
8673369
5286845
4376426
4591026
2218704
5064662
1913295
418235
9665131
1157106
1248540
5302120
8356649
5866557
4000323
913700
4560116
9147732
8058814
4583195
8146290
8953642
9687307
8456375
5080262
8535013
7838179
1082060
8200077
7386300
9822860
6873446
5189497
6715638
3980824
9924554
1780300
8410471
342789
1445431
9567578
4107681
9263904
440579
2490591
3264227
1354279
7050707
4928311
9413094
4150254
3074602
883088
6353914
4047329
8479703
7405279
1885508
9561763
5605356
1788160
1900975
4995154
9494010
8616614
8975978
9418564
396914
7386450
9761353
4358698
9470380
6385387
6138954
9910959
8875978
1919533
1265238
8443037
6847845
3194684
5109644
2438799
4077773
1463558
6486128
5073828
8868837
887989
4635591
6990546
2676149
9052918
1985700
2170159
7669532
961679
1588723
582799
8348129
3866429
4941497
7818509
251816
3596803
245820
1644146
5516336
1511058
87183
4880533
7222095
5196827
7319332
3816220
9176737
6321813
8890048
561927
7209802
6041991
7552473
2402303
5094909
2054525
4572463
2764442
3016204
8677538
5863593
3880685
5060319
3321442
4215546
7828487
6918245
4461366
9472633
2434581
8488777
2076169
7315115
5710872
9789348
7150799
9527092
1482438
3472612
8417140
2044365
682414
4459131
2113190
5601070
2070392
4167715
173533
7351186
9700272
1367423
3214779
3580957
8944095
6536221
7796504
6772582
5970818
4774222
8761568
921752
3262999
3354089
753219
8973871
5659789
7904018
1017315
7142227
3892983
9434455
1702944
7091749
6409938
3816134
2692819
996683
500202
5382704
8347869
200474
6750128
1562649
6297783
5694223
615222
6610639
4983157
9102393
1384862
3744725
24145
7164213
9615166
777364
8654437
5274956
1197734
9671752
2417183
5090717
1622560
6636480
2182467
548850
2968966
4875286
1545533
3469168
257991
9893403
6185994
9524471
3972404
2483778
7735046
7103978
9094417
5234555
6206371
479279
1495633
8746868
7643493
1110799
2040584
8814282
6385755
3238319
8486034
1319291
845388
108594
7955771
5544207
3173797
3441089
419494
4719330
6910258
3193837
7129085
5612604
5234660
1101489
8096382
5486058
721820
7190800
720613
6928191
186431
2216246
8191412
346276
3327046
231996
9160558
2229153
5986667
162945
3548444
6832056
2787891
4020567
2376263
5961688
9978009
5312109
681019
9404619
1022298
326456
5017223
6256958
3944298
3113606
1743016
4666118
2820758
4979982
4110661
5523541
7196228
2302073
5869818
3039626
2534070
7546728
5268780
8520737
7709673
1333576
7869145
497565
7870496
245409
6459253
7848505
8073870
9656624
7253124
9096169
2499433
2270347
5353127
6443731
7900305
9612496
1109849
721063
4592478
5220510
8760957
4305058
38936
4630775
7344685
5089358
2177503
2613465
6126447
2403529
3947041
3995593
2901094
1817537
6757354
1876699
2182394
4831224
4049676
9435518
6443745
6549109
4222218
4313225
5509192
2122523
3925721
6619041
5359939
1034551
4355903
4120896
5339609
6911191
1268023
2684294
2000549
5961878
7814111
8126997
881759
1761153
2122590
3782853
6095042
1396296
8175905
793789
8743872
4741933
229307
5187618
3807394
6967877
9500843
9316586
1606753
5942916
8451979
6966692
6977467
2807882
3603940
4833428
9719074
7388315
7517723
4235975
5866545
5331834
2362972
6748305
9609339
7001914
3047510
8220734
8398210
1223415
9014523
9658435
8481700
1760182
4846053
2289094
8728060
4346896
4122032
334813
289812
2574011
9817857
9783631
5381894
5938149
4617059
7617320
5842816
4651134
1853295
1709361
2499321
6732620
8457666
4625012
6250886
1505177
2845746
7165449
5244944
4376621
6823884
3726645
8653156
1669937
8532091
7381216
8533185
2654124
232381
1339349
7744487
2566590
1122980
3126381
1021091
8256391
3260053
6863907
2907526
7629701
8573268
5406847
6878673
9547287
2548211
3129559
1052464
7910310
295008
8813760
2286931
9635244
5056757
940087
3821533
3588849
837655
2354718
8759325
3586388
3694067
6503812
6152978
7333399
2146546
7174069
5589791
7922951
6554328
1013669
8069004
5127597
8936868
4947677
4674884
1485079
593589
8243700
9395389
3404949
7057460
4198673
3040194
2114218
7655112
6861727
8219419
1009120
9216446
9495096
4595508
5426865
8515260
3264839
5276617
661806
2955260
866408
1101110
9509589
4396429
9170114
7153538
3333297
4117792
4344774
7334728
4711381
2588474
6730118
8116330
2162286
3445143
3672876
6792856
1100255
534604
7528627
4625727
2267402
9540075
9221236
210619
8055336
5002427
5487236
1233494
7957687
6353644
2334604
7467276
750073
1504719
7137166
6599722
8138863
1481940
3934451
5366596
6586766
3180921
5999278
1265405
6626064
9672155
8058261
242671
2723111
8103241
4868399
4990513
7643316
6605987
5201132
8215004
1608414
3204721
9448499
9566101
9558365
4299455
9549730
2824791
8320526
6686896
1940865
6459389
8168837
5875316
4342337
4755603
1572589
341616
6021008
715005
2530123
6595622
957677
7769586
7215215
8342428
5276451
7374883
4948415
477583
5589888
6556829
6198656
7554739
8639282
5757022
1854194
8189012
1098165
174721
4875909
5555382
9150462
3044746
3947051
3492800
316701
5519640
6350768
8854062
6234646
1397243
7966036
9708675
9166829
7697603
8051103
4443280
5072486
2999518
7437215
3178726
2072699
3635872
733465
711981
1909246
2587660
8900994
5523763
2762381
6293255
1079145
1912843
1854353
5026196
7921995
2171054
3062189
4272763
3541468
9296835
8186358
4023856
9005510
7353187
1721459
9572965
1796467
6793946
2572483
9233683
9972672
7161534
5385907
706138
7873515
7295153
5810150
6774509
2818916
1088883
3067764
3898061
5518078
7438469
1440610
3440074
9609524
4502799
229189
5667344
3799634
8415548
9691201
5321496
5768735
1412660
4894461
81555
722958
9983296
1831590
695631
7144830
7217497
3918121
7534697
4512650
2244623
6825559
9847918
3333506
2409675
6262331
8851584
9848145
7702941
4808010
9457669
2205740
5037200
7641365
8521726
5969100
7332566
6359574
1737835
8745227
3770387
4335742
1984537
3753683
6167332
2680168
3414865
3384829
9114641
949563
413831
1359264
7775122
261749
4692770
2701149
6524081
6060707
2549294
4227022
868717
4523315
8949115
5905917
2164681
9987193
1875017
9497247
6346768
6129205
758826
117155
464947
2743364
6387191
9148632
7939884
9802056
2533461
9570878
3267971
5463645
930142
3559445
5725394
8139265
6260595
4765827
4199972
8809889
1509202
5068689
3333205
458317
3490959
5497886
445510
7882328
7511485
9308630
6527885
786664
9425786
9509185
6046380
5812977
8657817
3986264
8131385
3707630
3557142
3915709
9171275
7003637
7475154
7413022
5142902
6252101
2178849
1859226
5061991
3688051
9444267
911548
6662720
2935226
8925786
9624583
3333907
6437271
8933213
9861792
9740287
875351
1887329
5786667
9204680
545146
9772932
7336066
4252777
5846426
3768127
5940404
2850063
1243281
3353426
509317
11735
8048628
2368543
7590078
4253031
1812811
8501626
3432104
7264389
7427412
3056687
598296
6381035
4506252
2976441
8637675
5381604
4863770
4424342
4586284
5408917
4197274
4438702
2178046
2560053
8206829
8118450
5410116
1966463
3988229
8435786
1978198
2036857
804329
9568276
6289888
2617140
586254
9721992
9881530
530018
5295031
2996178
9427405
9801284
5972619
8065080
7699240
3352742
2489423
4801876
8761659
9203049
1756931
3456057
1763102
9963760
4090859
9689571
4446575
8079088
8125357
6424773
115945
1446038
8509401
8922186
6579531
9095655
1160530
8977413
9625673
6455562
1973591
9053079
8773198
462563
7118159
8988790
3815305
9607582
3790666
5093316
1326984
5547597
8549373
3090086
8027710
5156584
5296009
2474285
3235673
5937718
1415411
5867970
7383757
9924812
7306508
3963288
9020468
8467039
2940701
1162493
7438953
7430644
2731924
6212151
409559
9850084
7717293
4224864
1974018
1507959
1834532
3301002
9571909
2900257
8907441
7599619
8056842
6719802
2590256
1292515
2657521
4005667
9676837
2557630
6446832
6983346
6520918
7983652
5450385
1977971
9146145
5405690
1924967
1878070
1617841
2334527
4244506
1851486
9075743
8734876
3359445
910276
2035879
5447706
6326885
3459672
5563677
4383727
179474
670286
8192594
5353347
4675953
7869432
7910977
3639137
7369130
6948247
1622789
2819515
1442570
3285287
8225205
3367538
7679709
2359398
8218417
1924215
4210884
9810512
659091
86681
3237140
5211322
8050740
9564026
1187346
3614417
6464105
1366821
6801055
4656700
6720168
1477009
5042484
7147498
7632498
2411614
4095745
9255288
7747481
5538316
5056927
8489038
1422206
2736636
3364788
2156975
7177203
92024
1967487
352646
2695057
5204628
5563969
745797
4768654
9267667
6876567
3749111
634488
3677622
8405811
9871009
7670983
5964647
7018507
5303482
892613
3630604
7075122
8640094
9168920
4648401
9645484
3107478
7385037
3010272
5264453
7078592
3102296
7231941
7431238
5797354
4952921
5511559
6543151
2237927
4779227
5936070
5987038
7930067
9613693
6909202
317428
9801028
2873849
7335935
5104510
6282815
3482892
4695984
4922909
5168164
9344385
7084746
8275643
9245774
95018
6056448
6324366
3197315
5804741
6271957
1511021
757662
4299868
570524
5511941
9079095
6506595
1498980
9525515
8636640
8408182
9842943
8437668
3798383
9695231
6058531
81198
3178123
3270867
7520460
862639
2615253
4605206
9138282
1861027
4700224
5194731
701746
413891
3515824
6973703
4441264
4273487
3789923
5011789
9785428
5385371
4034736
3800760
4910886
2671376
2208942
7270181
3625396
8523678
9481764
2200279
8604876
5176239
5471147
6125336
6038879
602752
3246894
5177161
4980131
7947119
2888244
5681877
877362
6404069
5171932
5318627
3193908
8961856
2846768
5495688
4347227
6881504
9296449
1774465
2069232
4021743
9044646
8210980
5061773
8526411
411260
3666650
3702650
8398759
2308338
9741529
9001511
5555233
7435043
6497994
6018704
2839639
4696224
9412418
1760060
9868156
7247397
4953968
1346364
94165
2966009
8209943
6975669
2262458
2500760
9044901
8800553
4061759
9772234
3862327
5104522
2699846
45329
1323524
1098605
4870019
1065054
2616468
2941604
1016449
9114462
1476660
6372440
3810686
889079
8132501
6195195
8136476
3086469
57911
8230642
8568830
784207
7722663
3347640
3284967
9283917
2148194
9863078
9056151
8526873
4967600
1755997
8572202
6291125
2854602
5958573
9872531
7987422
8900178
888980
9618236
376838
7261420
3428923
1265917
5393921
2140470
1918746
996743
4714733
2665740
2081925
5498940
388403
5429566
1300260
9672320
94112
1163338
1244823
8620985
6130939
3000820
9709539
4938416
8371774
5668112
4810947
6359196
4568290
5699927
8493785
7461481
5477699
4439060
1243750
3387973
6579530
3162496
6901068
3810615
5828236
8982993
9309556
8732992
6928911
3126168
921664
7023023
6805858
2166488
5644008
5453149
5167308
7869899
391565
6055435
6054364
5202512
4930983
622654
3418791
3424768
600487
1412843
7863828
1844238
4800816
6959710
5006734
4218236
770326
3351323
5717581
2596234
2084315
2646493
5722402
3005979
9669516
2528260
5172467
7829877
497762
2856128
5699776
889327
8911563
1754140
6091840
6358898
4893147
9510631
9783667
5493634
923474
7647495
9854224
8240642
7123558
4860959
4975230
7893884
728634
692812
490118
2812949
5855657
8728872
8335280
5525173
3773484
6024100
5871402
4271246
1396580
4087531
5160574
2824495
8358023
3768766
9183393
5767522
3279397
8967060
1261157
6719224
9130908
1115381
7476218
6254466
8492692
2451449
6664702
9221326
5660613
9671172
4550627
1516270
8400044
5402260
9557795
2173528
1426360
7945550
8961127
2822940
2033081
6638053
8163787
391104
406819
7347180
6158627
6202568
8830593
9936136
5438144
477853
3567869
2914363
9248671
4576914
7882164
5913373
6314592
6059129
5584545
865220
91751
6500941
6267480
2165898
1190821
210192
111448
151948
5549484
2144529
6790001
3713271
5051986
9713172
3576803
3726965
5915741
2407396
6179453
1353885
2885249
2263674
6784600
4650272
6840588
4666764
563645
3155181
725893
8664542
6536753
3333996
5165483
5320585
5499895
8872657
5530777
5611343
9024605
1080261
272225
8330959
7309884
7840563
8044131
886687
1567528
6476224
5810436
263333
7830110
1212037
2527007
4614710
5862310
9367596
1797827
8942307
5039129
5040072
123202
4092234
8374069
7805037
9412819
3873964
6677694
7459948
9485307
8218652
1056561
9757532
6549611
8366445
7598095
7110094
1769484
1681975
3586319
7579920
1945308
1416429
8791958
6988668
8547491
7170620
6356264
345318
6112927
3911745
5385391
6236129
8003979
6275812
4041167
9933150
149776
718861
7393098
9635083
1453865
8449659
1908968
8003476
6816104
2023415
7629923
1101940
6221743
1216242
8681861
683403
5149023
7473819
7672071
6212866
4644439
6544687
6558185
3273718
456432
4459928
9509848
976763
735740
6067367
909913
3401868
9302580
819363
5553303
756446
9269022
7462271
1276274
8601478
2002039
8906197
9703419
8223782
122439
901632
1423537
7787814
8375451
9095609
4000681
5536242
5640296
3075218
1326312
8613081
51498
3352512
9589844
3303590
9419879
3016110
6705458
1238812
6351825
4775113
4511610
5620848
2237385
5787884
6738678
6755776
4694082
8958449
7495910
7332873
9860081
8919447
7637040
751884
8015056
4154073
8804478
3655353
7229291
130791
4784786
9797141
3483303
6890982
3100731
5419535
2423444
2322541
6658347
8775270
7097654
1169957
6912470
1851391
9474193
3651148
1123519
4168275
2609598
8619429
4017501
2469679
7538877
4170893
5737916
8070285
8324966
4542394
4241990
5554257
4673185
9026776
7867750
8156489
5917759
3484833
6092376
8341203
8323726
2750723
7116473
7937732
6437032
4028943
9789124
5911225
196444
912643
2595853
5322394
2048425
9129706
308425
2103654
3300599
6046341
173939
1625565
588736
4415930
9696174
5261921
5959058
7563924
5934762
4393169
3565109
2027138
2734373
1888835
7294213
2367198
9826567
3731245
8912494
2132043
2158823
1625290
3044687
7271028
6947684
7609464
6400734
7256109
9713118
2217685
3302451
9887057
6359602
3891187
6819339
6055776
1669460
2778398
6136052
7604223
9687919
9701161
9631361
2422292
4106348
6925575
7305843
3932915
3173172
8734689
6064959
7848347
359979
1625998
5119375
9824015
9235462
4036461
7080124
1464932
6254146
2898927
1351989
2613748
9306466
687681
1185876
975927
5982431
9838280
8580150
5670350
2055793
727863
608995
6162141
169790
431190
2611409
5859315
9165879
8676368
3707662
2042210
2818718
1343390
1866225
2054180
5379851
1462701
3519112
1633998
6877981
7387453
6764098
6184447
591486
466327
7160374
6573917
304607
8256876
4760620
2360401
1501092
5369615
1038894
1670882
5800805
3650303
46549
7483036
4843023
3754212
2041598
7661741
5097602
6424175
2232273
2993805
403228
8267737
4627803
7281209
5655191
3908254
3465657
6246677
4374581
3142383
5336947
7195540
1399260
97567
2072293
2900352
7983534
5627540
7087586
6300691
9277843
7134136
3783727
4120867
3404700
5825325
4298960
1018654
4765852
6531234
4012459
5169080
4798971
1156615
2450290
2970514
7581221
8432299
1733544
4472154
1574682
7070491
1667694
2973942
9684410
6256340
8390646
7667944
1883880
7994585
3968635
3678075
7645073
268714
7798942
1049773
8610391
4614255
2068427
3376243
1145489
8597238
8545323
5944460
9753853
3511965
1431327
9851426
1944264
3164871
4323580
3518947
235362
5991275
9009241
9919772
4763967
9916240
104068
6647847
7910825
4072703
325922
5555898
6857769
641217
9122023
5468160
5255472
3706802
1360755
8917313
2304040
9906078
7378125
4574246
5934396
8809452
4425672
7878660
1974323
8749253
1397607
4726037
7256880
2923201
7162161
2020847
2839441
7266229
1185046
750266
3855284
4027320
8822516
713053
7184889
7944539
8697565
4956713
1651341
58320
3874026
3955381
2480751
3768504
1045979
8415147
2577956
5471652
6293807
7068632
6737257
207767
1794669
6510489
3130968
8956831
8531336
5970409
6223060
2232734
9237027
2594697
6260054
8059543
3307750
3444944
6004082
4521668
8401657
7655423
4579988
4792036
4127156
9577091
8560540
5173136
7992238
1138496
3161140
6802398
8207128
9898397
7010165
2518150
8925238
141133
1474981
9972926
8627894
214393
2205660
7864921
2809090
982066
5924464
8633193
4427010
4444898
3154861
5345020
2100321
251201
2653408
8743829
9828293
1213948
3916965
7820531
4868796
9594457
4622929
5592277
2009206
4149446
8110427
934444
6806931
2101760
907370
5434825
2316153
3113030
5816098
5125244
6611449
4256914
6274789
3554811
8701812
9429650
8899831
3318485
2197203
1553239
2062315
2025496
5283539
8495632
2362380
152336
606442
9501661
5744613
2615648
3651108
6371392
3550093
2974391
8473152
6973815
8409217
789305
2603198
6741667
8430901
9214647
3514934
4705690
2769458
2216746
6651692
4185642
8051584
8848896
8255233
2630251
3390744
3538773
3642235
5753124
3691109
4248677
5254786
1952074
6864326
1422246
8323466
2930771
6912989
6796618
9904586
7838558
7585923
5024136
4580226
8533177
4238783
8095160
3238867
9524594
2828258
2406912
3710236
879842
1255808
1965469
6026445
4646552
5504242
9668681
2916029
1711703
3917358
687167
3663777
3298036
4625765
4503595
6228807
1538754
1300213
8649746
9377313
1402489
3673882
3957539
9935666
429018
4569051
5690885
9953612
7397309
614149
6180200
793504
1869957
8145669
6819949
9032862
6166264
6488630
1948891
394319
2922341
5152410
6574449
6220377
9778175
1078044
4965537
1316929
4894610
6131635
694242
6297099
2321869
7168133
8749117
2750887
1737184
6956354
5220851
1650846
7570504
1401051
2444350
1956813
2063073
1780651
989675
8229337
785634
5454918
8623656
3707975
607328
5198105
2444704
385503
8792502
7410241
4218785
3687112
3541876
4913027
9984211
8380098
4597513
1249680
1130985
6334697
722386
8868189
501895
8292890
269240
2946245
2766056
2332313
4726897
6272083
3078002
5512531
1727002
1701659
1736858
4850682
9416116
4181562
7752538
8208618
1591804
1971323
1895730
7650032
9400702
4396293
8546482
3998215
8162325
9677468
2849265
1401064
8545657
3351160
2210306
1331249
6297406
4976362
6179915
3540655
1248446
9257917
1569538
5491800
959576
3306396
342482
2892045
4310
8095020
3617015
4112466
66343
8029098
4278851
9467046
4941743
2825333
3465261
5620421
2502801
8830878
7021485
3564810
2182039
9231791
7412412
995797
4208154
3592327
4536452
5456600
2850244
8622342
948400
6326173
4445090
3807234
1734570
4449400
1902255
5351585
8561867
4484950
3380683
2840718
3951996
838779
5666051
9933610
6459200
685205
8764488
3480685
6766367
3462879
2712476
4178779
4458676
9436982
287458
8995128
7409934
3137703
133822
874686
1980228
4578912
4681921
3714798
9028313
6584176
1582735
7590180
3585478
7479771
430898
7537475
8318550
8613301
9987437
4777750
9298506
1268277
774787
8581226
4731157
6003615
2760005
9189833
5440598
5563816
701314
2850532
8701519
835136
3725219
3198099
5414049
923492
9429249
4442362
24020
1011984
4548894
3609498
8491755
7496144
3663325
9326657
6109445
3650762
4104407
7924304
7435392
7395546
6505530
2166549
3399162
1781887
3872734
8839760
7345703
4574048
4206644
8563574
7925537
448215
1761673
5855938
1371707
1190922
2814652
1395727
4719259
7363546
5005226
3211014
7376042
8668551
5054024
3485487
4835666
1674783
3926143
2271058
9070330
431673
6953959
2469492
4729913
826693
3825604
2075616
7917094
8032248
639191
5842631
996816
4917216
1698569
2368523
8624491
7029573
6280603
3343750
4393119
3802181
9071116
4285513
4987084
4125140
7771000
9822750
5799924
4213496
4610160
4870254
7161521
1564119
9856098
1891434
4907165
3681702
3967051
2824259
4230302
7122594
1183242
5227118
2039810
5398163
111994
3180653
2427736
6392597
6524403
9337207
194778
5595520
3622720
5181862
2237012
3910072
7520965
8036936
8123568
2131125
5423542
7801442
6211597
5279640
9692876
1118762
1477694
6176279
6459373
5707997
5815225
158967
3451467
371388
5557130
3563461
3552041
501218
2472410
76445
9838425
5183540
8188317
5977497
365403
425329
9887569
402720
8462266
527490
5050197
3885808
8328932
3778146
1681801
538160
7413260
3159495
6714440
3872633
1383844
5046017
4031600
4835312
5417405
2105082
915125
8969447
2606300
3387536
1562244
4961077
8571076
9750561
938574
1452831
175890
826144
4371903
1154508
3869986
9422101
7556669
2198918
5716599
9238470
2737078
3129860
2397965
1967870
9518845
3781810
7013888
3550446
8617122
4947645
8171880
2048599
3917092
778181
7952487
7995688
8255610
9039916
7746249
9194185
492747
438492
2536681
7381003
4109352
6406667
9319456
1666021
1121937
5036055
904491
3859015
8165915
3302457
8343238
7684761
7084267
7873478
3751559
8217741
2821123
1923439
2782692
9254568
5217972
735180
7250256
5989935
9775096
7512858
5184120
2784195
467702
7720801
165198
4577054
6643820
9484654
6243076
7765757
7037062
7147567
1624772
5202977
2966376
2484362
5404090
2566995
357840
1672001
3301088
5695316
6111793
6083781
4949884
1329765
6818961
4716492
7319700
6594057
4745702
5020172
1894604
5213404
5257325
2059803
9790459
1901145
4060809
8549887
9666902
1097871
5697454
3808027
8817201
1180183
8808741
6737643
3747178
9166582
8409645
7048267
7378250
4521438
3132048
2328134
8367555
2467361
9560978
8203608
1577770
4306681
3223780
3472374
2036437
8481106
8048529
1826896
2898603
2109339
2893135
5081858
5723562
8590590
8889885
7057115
2287125
7698626
3794759
6034303
9381560
2204404
5598922
6759810
6725842
8730970
1604296
5093397
3714683
3681627
3297005
5292453
7988308
9037138
8764828
24745
34596
9329709
4367994
2933199
1439048
7261129
8015057
9678963
8368071
9421294
6736078
655196
9636273
3047189
9205852
9017833
5251593
4804774
8293996
4493787
6052097
2414644
2103537
9766780
6096271
7916894
5059234
4084579
6954032
6340414
6625677
6988628
5670123
3510023
2438180
9625524
3287504
2969589
9304487
1655576
2390884
8556917
4827124
2027157
1604107
4032976
3561342
9372052
1354103
4371690
3865840
7406200
6786335
5969377
7172980
2882606
3886271
4748566
9483538
3356656
1088980
8625567
2861636
9275456
2135590
7816168
8900980
5423094
785758
721819
9595022
5692994
1795088
4422147
236503
3399195
971475
6314197
5287600
2325578
685888
1669792
2248130
7472223
7639169
1937463
2871181
4041792
6686029
2354719
9914800
7775010
980286
5292789
7050466
5632228
3108957
8467798
1055323
3894715
9189617
3166697
2104061
984705
105196
2340564
6900253
1076672
8654762
4704205
5918602
9340650
6373997
683085
9329225
6529518
2620548
2200406
3087662
9306577
7071478
3002463
9597939
568116
8295252
9164757
6200345
3920561
7632555
9772020
7815277
9338524
2938717
2435690
2839582
3043914
4776255
2256187
6636938
3431017
6960392
5071892
5288019
5850741
5754977
7133596
2380259
8375525
9334002
7984273
198455
8921832
986736
9796394
9489949
1798340
1477504
5690294
5718902
9110059
5462314
6050531
964936
917383
8486221
6320870
3961297
5778828
8577057
3114587
1726197
8053801
8186480
9530568
6420894
3941457
6664164
8801153
4833335
8514519
6785426
5031790
7436351
288515
7344536
9442652
4603207
8822040
5132946
2838461
448452
3111612
1405344
1413388
4028996
2407918
250610
506645
8186746
1344019
3621233
2429296
9397820
4324065
1959864
8335066
8265522
8624029
7136219
5615209
7138548
6437997
3163351
7091251
9242864
507888
6533904
3846072
9329928
4183202
9200885
2294732
7294815
606230
6224472
3840163
3014148
6475082
6863160
3717246
7819101
3000745
6146542
9733273
7324810
8106407
8068339
8106685
6730436
7720910
3721894
6385336
6675260
6885246
5992939
5918124
9909486
2526843
2280548
1755766
9226398
1481434
4050499
6521213
4604016
274971
2877728
7618164
9266406
9740888
1335410
7085507
2741634
9998305
9335133
66444
8104712
7403472
689481
7351500
7640735
4411376
6253188
4315995
3812974
2246127
2750471
3722460
7289323
5031020
5478226
9032073
9028806
9528725
5553286
3632822
2320049
947366
3767338
1586455
3204606
7619100
1188314
8462592
7617405
523447
1045389
8238469
443272
1734870
8106321
8084007
6146246
4359509
4916354
9959220
9121989
7666825
6198032
8927664
5214197
1676259
7959737
6759355
1204984
6029375
2908529
3525033
9493093
6675867
7627840
2697699
6811320
8816155
1160292
4428725
9339602
4722033
5183547
2299226
6456903
3289868
383233
5119502
165730
7815939
7595074
9287719
7999117
3793107
731735
3213314
5469366
8691472
2489022
9190702
7237199
5397551
5232088
6730292
4589771
2859928
9427991
1401091
4192435
3104635
8346168
3532038
7826668
3529715
5831264
4283572
9335936
8730850
1919426
9501666
9063141
9514500
1305737
7062258
3307607
2037472
2791925
1293325
728944
5280947
484028
7966143
3194850
5716116
4696435
7784621
1092396
6640778
9185712
5284832
9745414
7531881
1333222
88434
3577948
9680838
6888358
2913884
928040
8807784
4931902
9991182
8322285
6237639
9569792
4146244
8275111
2361717
5439570
1520407
159016
5923598
2002902
3353867
4156066
9215689
3654840
7764814
5856468
2840553
3049646
8118234
2888786
6899220
8206668
8983086
6580059
5095027
4413323
24451
6419163
9345225
15633
4741448
5582865
9585426
8887693
3857976
4463495
4327263
5378384
7138864
2767213
9897638
492731
6923279
9113328
4147571
7204445
4969796
9504476
2770444
3088030
4909614
9669664
3811050
6409053
8766075
1422429
822376
8790527
7841593
2683953
1322512
5099393
8266818
3424290
3987086
4641147
7887786
830701
2535883
5026650
3597914
2433521
8035733
3037545
1546849
4699656
2758343
6516645
6720485
5528787
2121027
4146451
5198451
8448430
555504
6480879
2387211
3894232
7787758
228804
6578186
9110270
7844550
4845004
2534561
1831636
2002503
2938699
5178690
4538386
481701
1292956
6971908
1033786
6846854
1035109
8249794
9605197
68107
4970279
5133984
4705486
1633083
2848787
3153916
4704939
1846018
5541128
8599172
9633776
8286284
5177358
8744047
6130834
2538714
3794960
478823
7057570
9250011
8173865
1595956
2248064
9466821
1084216
5798202
8830027
2119326
4047996
951576
4703785
1534628
8601912
9409271
3167711
1450700
5079540
389002
5813070
3137020
8988174
5446847
1423304
6681884
6707246
70491
1736951
502206
3065666
8794521
2268569
1239531
2906829
4516633
3222704
3991046
314835
2052732
8626724
6879183
3004308
3330509
8413811
1606221
5256132
4097874
5573273
335672
4486877
1386343
3472692
5991403
9349542
4895997
2673288
6056788
7482840
6926591
6558994
548506
5721112
1343915
4304389
8627941
5860548
7527093
5135339
8691735
2096177
6278415
5570919
5100486
2125276
6501082
9223059
7381409
598957
7312684
7717081
7602186
8699027
3706126
3593589
564922
1118475
6266877
6621710
8601315
3193468
5697057
1666173
1430932
7040972
5970562
2575226
5417873
6014007
226917
4109608
8110185
6505333
2196879
5727023
1146961
1214314
4950082
8528370
1813271
2262766
8761804
1931809
3478145
2467930
5525398
4043067
3586405
4308628
664778
4704072
18448
8878187
6370245
1449381
5919159
4857159
6540959
3853384
871166
6767876
479345
8981351
3273209
2676224
4708374
4420171
3890538
9658456
5464893
8220161
4437574
6743049
151970
432072
9210979
8193721
6991491
5313736
2502349
172621
17808
2520797
9050808
8904405
6486530
4969968
3761564
3027489
8823352
4632731
9795366
9302697
3614082
5584927
4495274
838809
2521450
902164
3013617
502696
1638678
7451192
7245745
4307000
399616
6456725
2500721
7391107
4286813
7519422
7563729
6820974
40220
6614537
5725379
9043102
4100857
2003296
2070592
5440562
6636027
1865958
4743259
2766461
9967237
1754885
3605270
2488688
5173402
9135240
2991384
6812080
6586432
237129
1119080
9502400
9210206
6136154
6893507
6013372
3655576
4457236
2834346
6212148
1071774
1076077
5255251
5172631
3079373
9842195
613193
9715400
4224505
7872805
4998214
4191742
2144042
1119836
9196782
7317444
255076
4704518
4129524
9357860
7458000
7764957
8860260
6668206
3901111
5753768
5197930
73039
2727356
8032276
6285188
3799130
9108354
4056791
1488114
2187727
6415338
4617659
4419480
639843
5006816
1934046
4831585
7150859
3053882
6544720
4468303
5825311
1249238
1114180
5183171
8707238
1395489
6559784
7891797
5296600
4829904
3089727
7885991
7557260
1122004
6687531
1356391
2746710
3260674
5360857
7450789
9676012
9978516
1870269
315855
7501685
3804315
7663793
4652544
9374550
4208513
1637199
5199861
7974103
5267731
383032
6681342
6663220
9459168
7089491
4476172
4289072
179218
4878516
1846333
3817574
1566047
5719076
9080636
4826722
1079933
6531426
4502734
3574801
8401695
7334942
1076486
4722363
7515087
8245382
4096913
1723600
2398934
9296774
2214055
183017
2196158
1411749
6846238
1655327
8501240
3838762
8460751
8680459
8717278
307084
5014385
2799678
6026160
4095022
7626400
9622445
626448
4645486
3197247
1544495
4496780
6790085
6266858
2011867
7551820
2880123
6251819
2467106
2176897
8465875
2650123
6889408
9877624
2012713
1061087
8378865
5851476
9521838
9575676
7085106
9828923
7106413
9884784
8371435
1201435
27536
7993881
4344235
7189375
3707480
5888731
1686155
3013917
4671941
3698023
565737
7552065
2466194
5549195
9728962
932069
8199319
9134722
3326046
212032
195809
4221263
8579860
9717648
3796939
5664967
2062923
903352
8066103
434358
4621140
8093640
8428239
8965375
7799367
2135719
4854106
9485522
5149637
9526048
5699897
8231726
9594465
682444
3780922
9323427
1614513
4496593
974502
7456911
4708625
1170311
1678174
5804838
3404311
5475113
3986157
5467234
8894818
4568612
5901593
6032310
5178604
6846184
4997685
2977971
1498256
2368144
4979846
6647893
4410544
679743
7395971
4005009
3878539
3693245
5844788
5493053
8189838
6819290
2949964
5414816
505954
7144491
1219654
3910265
2619604
7722163
9377500
4030774
2290775
7795445
63084
7469380
4641629
7577122
447351
6139885
9945266
5427197
5304130
6872162
8623293
5216454
877171
2501832
8909699
9238311
511237
7099538
6057602
5977554
5030706
9079908
3122045
8766712
2990173
8258001
6488875
4884025
4805128
1296002
2679470
7384564
8765382
7321100
4961686
1729086
5977337
7423304
9672635
1281468
4295466
812280
6497922
7688989
5830465
7923973
6927301
8858054
7539863
5501255
4835608
2570569
4581163
474005
1337281
87688
1248359
342508
4971714
8569839
4154863
7651184
5954403
2920245
7488636
916090
7165683
3465974
855746
9354671
7263794
5151213
166951
6278068
5356554
8513768
6718393
2283855
7371823
4258257
301462
4723783
9345178
7398977
7714141
3198812
7486666
8962500
3541320
2458380
7532339
7696183
2625916
6003094
3132781
2630905
6919184
2814816
6096879
7774931
2169487
5877025
5442496
4852791
4671445
799050
3366559
1389838
5599258
738382
5648095
8417072
5462166
4993274
5816050
3176307
8192086
5819068
4655159
4249758
793800
4703850
4462294
3419716
706944
111427
8566973
142481
2926243
4663852
433764
5095731
3057229
8392612
9948522
7728674
9191662
3315081
9118513
7307272
6569816
4766608
5724345
4548334
2276234
4056747
240993
2984672
9875815
4896152
7234431
669615
2116354
4213077
6605683
2823298
4324504
5172657
5482131
7250747
2352861
5915895
4862830
5410091
6824859
7327704
5655117
6016522
3159138
4773630
5840146
9728954
2056591
4080843
6793640
6849177
8137590
7034633
9833850
8013405
4447137
9584633
1199372
6563491
3797710
321408
1903141
638566
8010417
9901625
405665
2879630
8333872
5268496
806073
5158732
2596200
6461191
3691606
8271690
3751173
9531752
516996
5807764
3612596
7310636
5173294
1750186
4345269
5007144
2279944
8792406
7108129
5995668
7872249
905839
8833428
2291743
1544405
6843845
2193368
1950070
2239828
3043592
9734918
3045901
8202324
4847471
9507092
1893930
3119161
5774618
1425683
3636158
4098734
7554631
946794
9272028
9304817
7808416
4279172
4101113
9117174
3903653
2613134
9505776
4809492
1446562
4313871
8870249
806760
9023591
3336672
3046588
2067183
5587942
6092489
269508
435413
8115934
2163438
6070927
6406904
6105473
2223437
505638
3660104
5686583
9777667
5481274
6011351
6573191
2098739
5128526
476845
4711873
7150654
7802689
6158436
1464525
9189291
6965196
488116
2525963
2528136
2555299
630257
1136977
2824807
3582023
9252911
7504598
9652950
5659815
3610071
4392739
8681806
9786528
79322
8459473
7784154
8607026
7549016
9882893
3735552
8025861
4594767
886206
8344903
753203
2350731
7534194
234751
2838847
2576509
5279239
7910498
3206766
6416216
735306
6788789
8185480
756256
8958091
6361647
6882679
5867182
5043453
6669207
8462857
6019278
4453361
7069883
3568295
4336255
3321787
4110508
1447374
4207993
2455411
4716929
9075076
9989605
4951680
4430275
5082466
2747271
2340773
8289233
9163487
5592431
7594374
9865319
6348687
9068818
6226967
3231367
7452352
3786772
9900574
5915209
9806051
6870288
2985092
5890698
3722895
6306879
1206
5170269
3031224
2456618
9887198
4622652
4962575
7355230
9052927
45042
102501
1393701
850627
1782340
9502484
961353
1647660
5851172
2546523
390979
9082539
9998876
4177751
1499465
5914085
6500154
886105
1415530
2390852
4609000
238761
2392059
9779269
5786338
7365029
9666467
408990
4843956
9538049
9461918
7405350
9640550
3371971
8255977
1422891
2874455
1733683
5586903
1241979
4280206
5977882
2840870
4279082
155633
6856688
2709520
6655788
7742793
6641402
1562992
4868146
6880163
3955051
7163767
2666501
3836432
6830235
5591844
8680389
8884636
5053762
6085739
8525187
942085
6858069
2464430
6332892
8591752
8051333
7574872
5388310
4029215
2932094
2183745
6701200
9788782
7409617
5873340
47928
4051019
7436333
4916074
3447534
3907736
2079841
8630388
7744169
1426428
4222232
8940910
311065
1792346
7543001
1352604
2734431
4401070
3817034
1583675
5509174
4384719
9158547
897485
8413934
4606994
5597582
7631486
4395776
3007199
3504827
4443704
7058218
3457512
1876130
3022104
9881600
3955972
1652492
7625769
7898752
8391076
9083031
8209817
183422
6626033
9562421
5434205
3543455
5895807
7017881
9052630
280526
8692780
2466467
1210812
3299774
8064049
8842299
7695551
3587600
4863478
4655607
645818
837342
6531738
6184274
718942
3004062
7836767
861064
902814
6227843
9944095
1628984
6411266
9086480
3707757
4361823
2629936
9603565
1379704
4198918
2400443
72485
6665385
3611256
5888611
7245786
4969907
6100514
833386
2349737
756122
3995556
3187079
9804212
179830
3906021
2808274
532949
7283437
6227440
6760793
9743885
7856424
5688411
8830365
1564182
2566586
3976653
3684099
3946291
8175571
6084542
6535128
7357308
9695798
2423739
7119446
7182057
8524254
469184
9531794
1796728
6981092
2718873
1600940
7160923
9141247
6925566
210224
8941036
3153006
6971017
8684921
1009431
5175780
31639
5089965
7742367
4008292
8774064
4205010
4700216
4858606
3256490
4573876
7070757
5680229
4209675
6769166
6720835
4678859
6300961
1033915
1659952
1536186
2634855
1337227
3193785
2076773
1547451
2134822
5229780
1034821
819743
8755563
8726953
3367734
3845528
8985672
9892379
2619592
5707034
4592595
9994550
8963524
1682823
9581659
7160106
5892498
6350826
3880941
3087710
2651787
4914857
7264014
6704325
66064
8601241
9898111
2142838
2665044
2032933
7372618
3699865
5369028
8644533
4943171
8736763
2490061
3928843
1145494
7626005
9635878
5738089
136907
8599402
9937264
9718567
8275860
8346115
8585745
2156802
3950177
3753884
9588011
1214191
458209
9654075
2331784
2872672
4313265
4996828
4905605
4202235
1213046
2790986
2846768
6156217
4044101
5336829
2601412
5189595
5479186
4753642
3444036
5616094
5869397
5897652
7851013
4145257
4243767
6436758
6302059
8193944
190642
8406422
9408135
3165203
8060498
4256271
6037876
4890115
9253100
3459833
9092351
466146
6250819
1939119
9138715
2811272
9792301
4256479
8000867
5271487
9010122
3961255
3403933
4879519
9858908
1254946
9024776
4102675
7691704
7843188
4812972
398698
6249610
6737459
6080254
6826460
993731
2118130
1716576
246831
5577963
808927
3229329
4345135
5264398
4884396
7156407
5056699
9140875
7673627
328187
8150997
1634882
3732120
5546868
1493790
4987067
7087997
8112818
5195123
4931185
2925790
8110174
3697147
9663249
4190428
3039960
3173332
8824910
7272888
5936515
6919225
8081815
1682196
1264360
5862565
6566592
937120
919265
8223820
8610747
1247452
6374817
2761981
7495924
4438038
6772124
4999343
1526035
4884942
2710819
6457220
327084
820993
2670719
2506685
7527773
5710679
5680018
6352683
2983567
1616533
3271908
3581734
3298730
7052621
9444300
9865322
7989741
363565
605494
9116840
4127369
9496664
4395173
1623293
3934702
1167297
9138989
5460737
8568591
1849808
4434309
8895675
2670801
9621380
1402361
2714926
5332060
7082379
9067609
831979
1215264
4855869
4413714
4513994
1908490
6374366
6895669
2414583
9254283
7501163
4047775
3381652
6997827
8442949
7521297
3448881
2126598
6660286
8909618
695190
8510094
5860279
9590865
3697247
5481660
3509578
6412173
813720
591957
5479782
4162051
1807222
2852004
8575765
8837568
4760494
7466483
5733237
9691430
6720766
5750753
3739205
2618770
5264932
4698506
140068
8713814
6825105
9316706
139784
7520295
7826801
6000064
9627512
4040400
1481724
3137091
452574
4811796
6245400
8448708
8973847
568974
1300712
65965
9406543
8577559
7532448
7656132
785341
6769567
5923237
7040898
9388337
1188170
1739405
2044757
9901984
8564510
1361464
41768
8601157
1704617
8558184
8228669
5745017
39908
3882112
8713943
7368056
127513
7162652
8858256
696487
979716
8924221
103030
2073627
8973021
275515
5375320
5742588
6198752
2416219
7647278
7386922
4155624
9692035
9805258
5236486
1053499
9847027
3837643
2758116
8405211
4582664
1019486
961472
8464777
9733429
8329528
8592290
9412433
9704136
9288777
2908502
8628357
1908160
7498481
117731
2183675
2873802
8376671
8382427
5290021
6023949
5769350
1961997
5715985
8090960
7198483
9285836
7937987
1036126
4560305
8859551
5618790
5579791
2337375
6599919
5313220
3183255
5192209
7242006
2887392
6997339
150508
4032101
8905499
7648989
4149832
1089174
522791
5042856
1987953
8329164
1066805
273655
291161
9299142
8364616
7489644
1101331
8818955
1042122
5661636
7678506
9177265
1241427
2532233
5777184
9070999
5715489
3485746
8829357
8602881
483085
8979865
2634982
9388584
9145207
9301167
2994110
9667998
4344023
7498415
513515
7927180
7772071
804676
9742675
8653039
810673
844006
7471994
1852795
6505642
7666853
3546412
263421
199086
1839949
1850772
8430927
5325695
680130
7033808
5808780
2176347
2185143
7713716
1321554
1486310
3224178
3505905
8346685
722593
4019420
6273865
1011016
7340448
8532892
2180407
8151121
9376898
2168754
2520269
8398892
9835607
6066681
1178665
2551045
7906630
3029438
981973
3232325
6225920
8015781
1557457
918619
2717276
9271173
2240174
6719938
5011703
8262431
5066623
8250649
4798203
3856841
1778017
2138651
2389733
3958425
289773
1766632
6127179
2810042
2681876
8479138
8876723
3860542
1030183
9299706
9406332
4528508
2532031
8148604
5060642
6605841
9067223
7777918
5877014
3823749
4497857
3405070
4602532
9564480
1655719
9400735
5937673
5950088
1539387
8327407
2424865
1829160
2610391
8552044
7155554
5292267
9547534
6032277
1669161
577718
7848335
3591845
5106226
380367
1740449
2683220
6986208
3324025
461139
5379574
7147774
4958996
1300996
4266659
7039828
5473067
3667394
5493854
1423156
5206781
3821261
3848021
9552293
8948004
4916418
6707847
6756623
4463952
5256477
8425785
7558022
3104812
2017630
5180601
3485179
6274432
7863821
2987739
9598457
8324960
883666
9262583
5800308
2184662
3529242
5356489
7657730
7196637
850343
9080886
4919770
7187956
5445259
4472064
8652312
361677
1179911
5408935
4825630
6436388
6351072
4900004
9541201
885055
80605
5542732
7159487
7944427
1046824
6757944
8785739
1930490
8536879
4586048
4115152
4582474
2458889
1772882
1779111
5825584
3370120
9215233
3013540
8815380
3687297
1665852
1693409
7383561
9591139
9035391
3819949
5942212
3935396
5877502
6827267
4016001
1420235
3986754
4476780
4983411
3261050
3262520
6913901
4314281
364920
1029053
8896755
2823809
5318288
3192218
8649393
1204760
2407452
4179285
2536492
6094749
8361489
6746254
5994662
7952628
5781645
9814612
3894840
9717041
8208466
722107
6249395
2145053
7225213
726175
7128464
3002615
6505047
4042365
7316897
9386319
7587771
6213652
2210128
5422411
9405871
3375873
6627171
1813323
71510
1680016
424424
8432999
8426270
6419087
8901980
4207915
8750051
2796820
6441309
6958517
6035280
5207056
1619923
5776845
8449583
8748387
8779461
4954631
2790753
6096358
4340950
2894876
2310010
9067431
8317287
4232233
4959656
7460810
8561908
7547519
9140826
8986333
8496870
83448
7921772
7398850
6807716
6671823
2712023
3249025
6146692
1263655
8456081
7766615
7040500
6905664
9031355
8336313
4376647
4338460
6949023
1233950
7233336
1775386
2817733
8066975
6007619
7777389
5527785
4569528
5324908
7184964
6072213
6338131
9784764
3993985
3736981
6592480
3182160
6449004
9841505
1845204
229011
813938
9611820
7269512
235955
1159527
8122177
4612602
5497987
5071201
5846552
2731323
6846587
8664285
798298
2854206
8958027
8842435
9940086
6799287
8543751
6012299
3137418
8328516
2522636
9390752
4920996
5704796
8356108
7278854
7550001
8585120
8092792
9678173
8370984
845099
837700
6493161
5457702
8852039
1564362
3820606
1583362
8410949
5001244
4898012
3781508
6475623
3740447
3721594
5791262
2284199
9733894
1445033
3129067
2256530
835785
8050063
477679
9191893
7845269
544032
7777013
8454414
2738557
6147997
9299513
6092609
5157511
7273567
4944648
6721873
1094174
6528010
7649175
8611770
3942374
1430683
7603745
7682821
7668629
3395007
2483372
9918875
4840040
5612439
2175406
8192177
6178855
5169437
7384071
4024124
5713469
7677436
2478538
968378
6341786
4294404
7060987
1499297
1567971
2005635
737522
5178497
1049997
8386697
3790267
4992371
2333732
3910364
5191544
2362
9821724
191269
2437589
4661764
5803708
4612995
2853942
4498915
2298784
2754365
1039392
528605
431801
6034282
1496983
6773587
328686
8557970
789236
1896658
3079957
1526759
7075155
4129954
2429808
3381775
1638677
7279893
7292139
6830222
7282255
9630215
7021491
2236196
4291980
5341551
6849192
9662274
2356819
1664328
2416639
3396211
2192934
5364792
1946845
3689917
2138380
2275532
4764240
5443968
4172190
7844197
6970727
3763697
4490504
9400536
7145472
8645533
6680429
6953964
7992107
6479036
6584179
5013598
8715232
3392511
2871502
8080776
5571137
7744673
9745105
7987776
3657236
4454391
5868921
5604081
8144308
523653
7879613
2908548
5967621
4568155
752746
2938349
848205
7759602
4855237
510029
6405135
4052018
7463993
4397243
3047406
6564525
1927193
4278990
2473388
7315047
2359767
8044526
5059720
4621224
8548654
8716956
9075615
6933927
6837390
9736275
7457580
7233355
2644824
3425202
1801511
5913922
6363551
2649716
6189876
3735140
3159745
2595011
7787158
3140091
9508606
3350916
2220968
1435800
7629906
7210708
1267199
2506025
7771586
6326920
7127249
8836593
7560228
8719216
5770520
6913970
971844
3228101
4147326
3616668
6653303
8465189
2046942
5533206
3631257
753170
1784698
9307354
3348181
2088208
2447445
5373140
5439124
7184765
6808940
3069030
6911826
8076139
5575056
4683412
6919411
5218657
3520005
6995992
6454226
1806878
3909962
7426070
5034979
573640
3559090
4204634
9038829
5606032
9737840
2670086
6359202
1522538
1977441
2223735
6127098
6941238
7596875
1566222
6642356
6922167
4635252
3554182
7514659
2726660
753946
4434070
461670
4273952
3946414
6915896
6080830
372729
4341966
3632161
946369
7901056
7836795
9985199
6023440
90987
5171637
4898994
4129877
7149078
7122729
256975
6606669
7235957
1823197
3249025
4158124
8974801
6803207
1672783
1701462
73505
8623206
2163132
6863809
5085972
1595380
5460991
5458701
5937346
9093152
6405071
6354754
6929947
8906622
2378194
7020934
4078259
7277188
1150811
1227338
6916269
3924138
350359
4152226
5747335
3599384
826703
4722137
2918943
2499486
8939951
2992448
3639044
3619435
9856258
8725017
5214815
5317249
4183718
1152161
6926754
3105141
7506915
6373053
2011763
2401461
3393988
6090023
9678649
7061151
9833713
6594918
985290
184072
3263497
9248977
6299808
4090200
3971114
9218751
9106038
5427417
4727551
2745083
9046852
7100161
3986452
4261667
2417411
8170170
7930180
1860517
3791664
7953447
8233570
5803427
354908
4143910
4409802
2549909
1205062
6759867
1661180
4706704
6943939
4924677
6472033
5760099
1531229
2959500
4978850
637267
8386917
2222754
5898702
9950122
9322915
9885154
6728141
4256678
571677
4658322
6117195
4363341
5128121
4350766
2683120
7999382
8494676
7092923
3065643
2216090
3852790
4726823
9439146
3313082
2167852
5911180
9073181
3699081
8870680
6568384
6852701
7257597
8791138
2751403
9724071
8114053
5152910
6452213
2370732
5724587
3626887
8487927
87928
1271360
2838693
2771048
9270742
3849722
2380323
2336386
6065812
6233114
9579561
5504959
2062548
1747414
1416139
1135729
7962847
2803171
7704113
4815548
2577120
6495251
83304
2301192
7125657
5236214
8753405
9496389
960801
2380292
500668
3565081
3651652
5855714
8852481
5438747
9705436
1232805
291485
8287600
9982271
9871046
3792559
2044819
1618460
7725050
3180548
2097660
528221
3401014
6913208
3105342
2412617
6996512
7922886
9538274
4749078
6676291
1551015
5709879
1572935
4568036
1791312
7740939
423750
643794
5696038
2645538
1876599
5987523
933138
4375222
5858570
7242050
6420041
9993382
7483452
2116941
2091042
528026
8034307
9004251
6149720
446925
8517115
4072606
9985199
3266194
748897
4052567
1492425
4838184
8620603
3283738
5095475
9044353
3927532
791514
4206243
8320483
6779037
7655733
2695705
2637607
7414135
1632098
2630990
4897588
6265391
4722032
5425614
4299699
6242635
4091686
4746624
7276103
8164292
7248175
542297
1429541
1300742
4551074
6267725
2437697
7834812
1363200
3998402
1762344
2154714
8204645
2599179
1450104
8376731
7811236
4087711
5790866
9443334
9235053
688454
5708726
6473438
8630420
2524777
5232425
2722106
7271401
2508528
3402750
7035928
5567177
4832291
853023
118252
3616368
3290720
7953064
4979569
7289123
2231761
9650635
8010120
4830940
3617091
6386851
2642177
221155
2177718
4601863
9456208
5382524
2826941
8445998
6529297
5351718
3678424
1767755
5139471
6186952
5170506
2175400
1754130
2519149
3028423
1872382
6135518
8835495
2341798
3631439
8640970
4573559
5798426
6651091
1920852
9415518
5554294
7079381
9636673
248364
1681244
1609233
5630889
4508186
55232
4676538
2376256
6250008
6444293
7515728
4953312
4131151
2207480
6707442
6650301
7752255
1096176
2785819
6587750
5954327
8933610
5228721
527886
4732036
4396164
2448738
4147554
2466810
9528119
6300579
2715175
3725716
426165
862416
750254
481397
5538954
3126510
9247757
4499599
3158590
4201069
8630751
5366070
3424864
5281052
3118325
7037392
583223
2222428
2991719
9516833
9967501
3519606
6765221
6880017
8484696
3429128
9346827
529168
9729707
4578354
4254884
155872
5440770
7521490
3153621
3496076
648000
2401378
512028
3806591
9118800
9142779
1689013
2543664
6940183
7323691
2097408
39758
9546119
5089128
2072943
9513620
1125086
8838164
8909989
9609782
2267292
8256816
2655302
1997000
2835171
9426538
4669224
792293
6948028
339198
6804722
7596029
2740576
7316750
3918972
4375728
8975881
8124337
9435744
5916064
5448028
1533153
8472174
7510499
6622281
545117
9540471
7747367
9383281
8450460
9873501
1650574
6707277
5045156
6163926
2058800
4471694
3349502
5367445
1419723
3688700
4688519
9015752
8945629
2005269
5451076
3321357
3497502
3575413
2757102
9413566
1539794
4290255
402092
9050293
3428888
947209
8590765
3692607
330491
9557577
6082460
4497417
6264854
1127616
661343
840006
5599311
4010845
8723804
7019034
215898
3412323
8551138
9161527
5417593
6518566
2482884
1431447
2610331
7756338
845014
4150125
4562945
3763458
5716771
7991833
4710668
6823888
4200792
5041159
6381465
283253
9538576
5162672
3927221
2716271
8519030
9526532
9243468
7242834
9061918
9459366
655158
129408
8620893
8589103
6647974
3620130
20550
9258306
1376468
3381916
5924783
5939414
7145375
1641554
6447599
1856043
8465442
648392
9413554
7363260
3447997
1468482
2525932
7375218
6701105
1044962
9418103
5944573
8287797
8480021
7920292
1459307
8609430
