569
1206
2362
3033
4310
7057
9097
11735
14811
15533
15633
16323
17808
18448
19304
20550
22300
22924
23078
24020
24122
24145
24451
24745
27536
28624
31639
32908
33062
33621
34225
34596
37525
38320
38936
39758
39908
40220
41768
42348
45042
45329
46549
46828
47928
48074
48586
48829
51498
51528
53150
55232
57911
58106
58320
60908
61690
62251
62900
63084
63179
64472
65965
66064
66343
66444
68107
70491
71006
71510
72485
73039
73505
73850
74537
75412
76445
76585
79322
79444
80605
80967
81198
81555
82195
82199
82424
82830
83304
83448
84148
84506
86034
86681
87183
87688
87928
88434
89368
90192
90212
90987
91751
92024
94112
94165
95018
97487
97567
99355
99484
100669
101877
102501
103030
104068
104667
104896
105196
105340
106892
108581
108594
111021
111427
111448
111994
113083
115945
117155
117731
118252
120709
121288
122439
122846
123202
123840
127513
127682
127955
129408
130017
130791
131589
132540
133822
134047
136907
138326
139784
140068
141133
142481
144854
145550
148346
149776
150109
150508
151948
151970
152336
152959
155633
155872
157793
158967
159016
159999
162945
165198
165730
166951
167716
169790
170337
171692
172261
172621
173533
173939
173960
174721
175890
178440
179218
179474
179830
183017
183422
184072
185677
186431
188534
190642
191269
194625
194778
195809
196444
198455
198952
199086
199088
199492
200474
201211
203107
205108
206898
207767
210050
210192
210224
210352
210619
211136
212032
214107
214393
215450
215898
217177
217934
218397
221155
223205
226917
228794
228804
229011
229189
229307
231996
232381
232676
234751
235362
235839
235955
236503
237129
238230
238390
238761
238957
240349
240993
242589
242671
243555
243658
245196
245409
245415
245820
246831
248364
248473
250610
251201
251816
253414
253681
255076
256975
257692
257991
260756
261749
263333
263421
267990
268399
268714
268824
269240
269508
272225
272695
273398
273413
273655
274971
275515
279370
280526
281936
282619
283253
287458
287639
287828
288515
289773
289812
291161
291485
295008
295098
298129
298490
300925
301183
301462
304183
304607
305000
306710
307071
307084
308425
310085
310992
311065
311131
313522
313563
313750
314835
315855
316701
317428
317565
318023
321408
321648
321698
322227
324323
325922
326130
326456
327084
328187
328686
329499
330491
332231
332871
334779
334813
335672
335821
336956
339198
341087
341616
342482
342508
342789
343702
345318
346039
346276
350359
352042
352646
353825
354908
356728
357840
359231
359979
361246
361677
362196
363565
364920
365223
365403
365981
367770
371388
372305
372555
372661
372729
376242
376838
376850
377601
380270
380367
382211
383032
383233
383426
384172
385503
387226
387677
387708
388403
388464
389002
390179
390868
390979
391104
391565
394319
395738
396914
398698
399616
399826
401255
401392
402092
402720
403228
403532
405665
406424
406649
406819
408990
409117
409559
411260
411310
413640
413831
413891
418235
418657
419494
419805
420424
422328
422715
423750
424424
425329
426165
429018
430898
431190
431673
431801
432072
432100
432110
433764
434358
435413
438014
438492
440579
441138
443272
443437
445510
446925
447351
448215
448452
449291
450857
452574
456432
456510
458209
458317
458800
461139
461670
462563
464947
466146
466327
466996
467702
467935
469184
471744
472515
474005
474762
475789
476021
476845
477583
477679
477853
478499
478823
479279
479345
481135
481397
481701
481776
483085
484028
486506
488116
490027
490107
490118
492373
492499
492731
492747
492930
494695
496746
497565
497762
498338
500202
500668
501218
501653
501895
502206
502308
502696
503441
503465
503766
505638
505954
506582
506645
507888
508860
509317
510029
510539
511237
512028
513515
515434
516127
516996
517567
522791
523447
523653
526343
527490
527886
528026
528221
528605
528946
529168
529490
530018
532420
532949
534604
536404
538160
539036
542297
543363
543437
544032
544861
545117
545146
546620
547889
548506
548850
549207
551295
552958
553541
553902
554603
555504
558289
561927
563072
563645
564030
564922
565737
568116
568974
570524
571220
571677
573317
573622
573640
573793
573924
574887
575321
576770
577718
579593
582799
583223
585472
586254
588736
591100
591308
591486
591957
593589
593630
595513
596963
598089
598296
598388
598623
598957
599174
599300
600487
602752
603786
604139
605494
606230
606442
606628
607328
608995
610537
612763
613073
613193
613202
614149
615222
615538
617569
618996
621862
622654
624109
625380
626448
630257
630960
631491
631541
634295
634488
634492
634994
636429
637267
638566
639191
639843
641217
643794
644296
644815
645107
645818
648000
648392
651136
651434
654187
655158
655196
658094
659091
660703
661313
661343
661806
664778
668363
668850
669615
670038
670286
670806
674396
674641
678241
679664
679743
680130
681019
681417
682414
682444
682775
683085
683403
685205
685888
686763
687005
687167
687483
687681
688454
689481
690626
691643
692118
692812
694003
694242
695190
695631
695788
696487
697697
698571
700573
701314
701493
701746
703868
706138
706944
707300
707654
708313
709859
711564
711981
713053
713171
714375
715005
716454
718861
718942
719389
720613
720737
721063
721819
721820
722107
722386
722593
722958
725893
726175
727863
728634
728944
731660
731735
733465
735180
735306
735668
735740
737522
738382
738486
741187
744477
744729
745797
747796
748897
750073
750254
750266
751884
752506
752746
753170
753203
753219
753946
754552
756122
756256
756446
757662
758826
759355
759385
760512
764797
766768
769829
770136
770326
772757
774787
776180
777364
777694
778181
779600
782719
784207
785147
785341
785634
785758
786664
788355
788967
789236
789305
791514
792293
793504
793789
793800
794395
794583
796522
798298
799050
801052
804329
804676
804899
806073
806760
808927
810673
812280
813720
813938
815424
817357
819353
819363
819743
820993
821396
821955
822376
822806
826144
826693
826703
829613
830304
830430
830701
831979
832247
832933
833023
833386
833934
835136
835785
836825
837342
837655
837700
838155
838779
838809
840006
840516
844006
845014
845099
845388
846267
848153
848205
850343
850627
853023
854387
855746
858270
858988
861064
862416
862639
865220
865725
866408
868264
868717
869451
871000
871053
871166
874211
874686
874969
875351
877171
877362
879842
881304
881759
882584
883088
883666
885055
886105
886206
886687
887989
888980
889079
889327
890244
891466
892613
892921
894828
895291
897485
901063
901632
902164
902814
903352
904491
905839
906527
907370
909913
910276
911548
912643
913700
915125
916090
916487
917383
917955
918075
918619
919265
919287
921664
921752
923474
923492
923556
925433
928040
930142
931765
932069
933007
933138
934303
934444
936585
936636
937120
938574
940087
942085
944650
946369
946794
947209
947366
948400
949153
949563
951576
952926
955939
956042
957677
959156
959576
960801
961353
961472
961679
964936
965014
967523
968378
971475
971844
973813
974502
975266
975927
976763
977805
979716
980286
980456
981337
981973
982030
982066
982690
982766
984705
985290
986736
989675
992300
992956
993018
993731
994571
995797
995960
996683
996743
996816
997811
998055
1002780
1004039
1004340
1006484
1008693
1009120
1009431
1010038
1011016
1011984
1012585
1013669
1016259
1016449
1016538
1017315
1018654
1019486
1021091
1021530
1022298
1027172
1027284
1029053
1029448
1029949
1030183
1030530
1033786
1033915
1034551
1034821
1035021
1035109
1036126
1038894
1039392
1039875
1042122
1042659
1044962
1045389
1045979
1046824
1049613
1049773
1049997
1052464
1053499
1053842
1055323
1056561
1058752
1059426
1060014
1061087
1061648
1062795
1062934
1063046
1064260
1065054
1066342
1066487
1066805
1067660
1067850
1068506
1071774
1072999
1076077
1076486
1076672
1078044
1079145
1079690
1079933
1080261
1082060
1083598
1084216
1084821
1088131
1088883
1088980
1089174
1089438
1089503
1091185
1092396
1094174
1096176
1097529
1097871
1098165
1098605
1098823
1099451
1100255
1100545
1101110
1101331
1101360
1101489
1101832
1101940
1109485
1109849
1110115
1110799
1111544
1114180
1115381
1115873
1117027
1117184
1118475
1118762
1119080
1119157
1119836
1121937
1122004
1122980
1123519
1125086
1126087
1127616
1130985
1135338
1135729
1136977
1138496
1142496
1145323
1145489
1145494
1146961
1147484
1148365
1148990
1150811
1151432
1152161
1152493
1153674
1154259
1154508
1156615
1157106
1159527
1160292
1160450
1160530
1162069
1162493
1163042
1163338
1164576
1165193
1166929
1167297
1169347
1169957
1170311
1174232
1176229
1178665
1179911
1180183
1183242
1185046
1185160
1185876
1186440
1186593
1187346
1188170
1188314
1189562
1190821
1190922
1190952
1192379
1195176
1195941
1197734
1199372
1201435
1201745
1204105
1204760
1204984
1205062
1205738
1207394
1207466
1208324
1210812
1211983
1212037
1213046
1213948
1214191
1214314
1215264
1216242
1219654
1220360
1223415
1226513
1227241
1227338
1229904
1232805
1233494
1233950
1238812
1239531
1241042
1241302
1241427
1241979
1243281
1243750
1243823
1244823
1245830
1247452
1248359
1248446
1248540
1248617
1249238
1249680
1250573
1251530
1252327
1252715
1252996
1254946
1255808
1258962
1261157
1261451
1262337
1263655
1264360
1265238
1265405
1265917
1266131
1267199
1267672
1268023
1268277
1268864
1269559
1270210
1271232
1271360
1271361
1273879
1276174
1276274
1279136
1281468
1291986
1292515
1292956
1293325
1294892
1296002
1297278
1299468
1300213
1300260
1300606
1300712
1300742
1300996
1303315
1303708
1305624
1305737
1308902
1313492
1315329
1315644
1316929
1319291
1319300
1321335
1321554
1321676
1322512
1322667
1323524
1323875
1326312
1326984
1328205
1328242
1329519
1329765
1331249
1333222
1333576
1335410
1336688
1336718
1337227
1337281
1339349
1340353
1342723
1343390
1343899
1343915
1344019
1345764
1346364
1351989
1352346
1352604
1352976
1353885
1354103
1354279
1356391
1356631
1358132
1359211
1359264
1360755
1361464
1361591
1362124
1362461
1363101
1363200
1363558
1365439
1365914
1366256
1366821
1367423
1371707
1373537
1375974
1376468
1376925
1378130
1379704
1383844
1384862
1385644
1386343
1387570
1387902
1389838
1389873
1393701
1393799
1395489
1395727
1396296
1396580
1397243
1397607
1398403
1399260
1401051
1401064
1401091
1402293
1402361
1402489
1405344
1407458
1411749
1412660
1412843
1413008
1413388
1415139
1415411
1415530
1416139
1416429
1416945
1417540
1418417
1418852
1419379
1419723
1420235
1421514
1422206
1422246
1422376
1422429
1422891
1423156
1423304
1423537
1424758
1425259
1425683
1426360
1426428
1426815
1428525
1429541
1430683
1430932
1431327
1431447
1432192
1435800
1439048
1440610
1442570
1443181
1445033
1445431
1445950
1446038
1446562
1447374
1449122
1449381
1449807
1449833
1450052
1450104
1450250
1450700
1451546
1452831
1453865
1455662
1457716
1458260
1459307
1459970
1462701
1463558
1464525
1464932
1468482
1471704
1473495
1474981
1475883
1476364
1476660
1477009
1477504
1477694
1478979
1481434
1481724
1481940
1482438
1485079
1485213
1486310
1488114
1489114
1491977
1492425
1493790
1495633
1496983
1498256
1498980
1499297
1499336
1499465
1501092
1504719
1505177
1505661
1507959
1507986
1509202
1511021
1511058
1512505
1513929
1513970
1516270
1516499
1518149
1519934
1520407
1520958
1522538
1522957
1524657
1525347
1526035
1526759
1527998
1528784
1529848
1530126
1531229
1533153
1533292
1534628
1535680
1536186
1537764
1537967
1538754
1538839
1539387
1539794
1539807
1539847
1539848
1540322
1540637
1542104
1543847
1543921
1544070
1544405
1544495
1545190
1545290
1545533
1546849
1547451
1549676
1551015
1553239
1554098
1557302
1557457
1558440
1559189
1560353
1562244
1562649
1562992
1563037
1564119
1564182
1564362
1564428
1565220
1566047
1566222
1566617
1567528
1567971
1569538
1570003
1571083
1572322
1572589
1572601
1572935
1574682
1574882
1577770
1581032
1582735
1583362
1583675
1583958
1585205
1585795
1586455
1588723
1589325
1591002
1591804
1595368
1595380
1595956
1596366
1600940
1601568
1602422
1604107
1604296
1606221
1606753
1607779
1608254
1608414
1608488
1609233
1614513
1614769
1614946
1616124
1616533
1617841
1618460
1619923
1622560
1622789
1623293
1624772
1625290
1625565
1625998
1628984
1632098
1633083
1633998
1634882
1635767
1637199
1638677
1638678
1639126
1639518
1639838
1641554
1641751
1643253
1644042
1644146
1645630
1647241
1647339
1647660
1648609
1650574
1650846
1651341
1652492
1653516
1655229
1655327
1655576
1655719
1658082
1659818
1659952
1661146
1661180
1661736
1662880
1664328
1665852
1666021
1666173
1667694
1669161
1669460
1669792
1669937
1670882
1671338
1672001
1672441
1672606
1672783
1674783
1675551
1676259
1678003
1678174
1680016
1681244
1681801
1681975
1682196
1682823
1686155
1687849
1689013
1690360
1690579
1690613
1690930
1691313
1692777
1693409
1698078
1698569
1698927
1700699
1701462
1701659
1701682
1702305
1702944
1704567
1704617
1704852
1705403
1706506
1709361
1709878
1711703
1713886
1714937
1716576
1717988
1721386
1721459
1722172
1723600
1725170
1726197
1727002
1727088
1729086
1729405
1730690
1733544
1733683
1734132
1734570
1734870
1735990
1736858
1736951
1737184
1737835
1738995
1739405
1740435
1740449
1742587
1742698
1742780
1743016
1746410
1747414
1748718
1750186
1754130
1754140
1754885
1755148
1755766
1755997
1756868
1756931
1759956
1760060
1760182
1761079
1761152
1761153
1761673
1761996
1762344
1762508
1763102
1766422
1766632
1767755
1767868
1768825
1769484
1769972
1772882
1772890
1774465
1775386
1776790
1777724
1778017
1779111
1780300
1780651
1780768
1781887
1782340
1783348
1783898
1784698
1784812
1787377
1787582
1788018
1788160
1789062
1791312
1792346
1794669
1795088
1796467
1796728
1797369
1797565
1797827
1798340
1798817
1800030
1801511
1802050
1804171
1804289
1806878
1807124
1807222
1808472
1810563
1812298
1812679
1812722
1812811
1813271
1813323
1817537
1823197
1824130
1825361
1825916
1826264
1826896
1826969
1829160
1830323
1830857
1831590
1831636
1834532
1836754
1836836
1838989
1839949
1844238
1845204
1845289
1845894
1846018
1846333
1849808
1850772
1851014
1851391
1851486
1852795
1853295
1853489
1854097
1854194
1854353
1855727
1856043
1858969
1859226
1860517
1861027
1865277
1865366
1865573
1865958
1866225
1869343
1869957
1870269
1872382
1875017
1876130
1876599
1876647
1876699
1878070
1882152
1882475
1883880
1884850
1885508
1887329
1888680
1888835
1891434
1893916
1893930
1894604
1895730
1896658
1899228
1900034
1900975
1901004
1901145
1902255
1903141
1907231
1908160
1908490
1908968
1909246
1909610
1912843
1913295
1914693
1918746
1919426
1919533
1920852
1922596
1923439
1924215
1924967
1927193
1927494
1928291
1928577
1930490
1931809
1934046
1935247
1937463
1939119
1940865
1943705
1943880
1944264
1944976
1945308
1946845
1948088
1948866
1948891
1950070
1952074
1953877
1955081
1956813
1957436
1957620
1959864
1961997
1965469
1966463
1967487
1967870
1969091
1971323
1971924
1973591
1974018
1974323
1977441
1977971
1978198
1979802
1980228
1984537
1984908
1985700
1987953
1990783
1997000
1999754
2000549
2002039
2002503
2002902
2003296
2004513
2005269
2005635
2009206
2010569
2010736
2011763
2011867
2012713
2017135
2017630
2018481
2019540
2020127
2020847
2021414
2022939
2023415
2024561
2025496
2026304
2027138
2027157
2028067
2028215
2028656
2028828
2029501
2032919
2032933
2033002
2033081
2035568
2035879
2036437
2036857
2037472
2039810
2040584
2041598
2042210
2043682
2044317
2044365
2044757
2044819
2046942
2048425
2048599
2048860
2052176
2052732
2054180
2054525
2055382
2055793
2056591
2056675
2056856
2058109
2058800
2059765
2059772
2059803
2060049
2061567
2062315
2062548
2062638
2062923
2062949
2063073
2063133
2064091
2064835
2066537
2066601
2067183
2067917
2068427
2069232
2070392
2070592
2071710
2072293
2072699
2072943
2073627
2075616
2076169
2076773
2077645
2078408
2079841
2080532
2081925
2083088
2084315
2085273
2087126
2087195
2088208
2088421
2089159
2090057
2091042
2091583
2095572
2095745
2096177
2097408
2097660
2098739
2100321
2101665
2101760
2103537
2103654
2104061
2105082
2106687
2106956
2109339
2112110
2113190
2114218
2114613
2116354
2116632
2116941
2118130
2118606
2119326
2121027
2122523
2122590
2125276
2125315
2125383
2126598
2129793
2131125
2131489
2132043
2132557
2134822
2135590
2135719
2138380
2138651
2139932
2140470
2140492
2142838
2143421
2144042
2144529
2145053
2146546
2146590
2148194
2152040
2154289
2154714
2155988
2156802
2156975
2158823
2160269
2160379
2162286
2163036
2163132
2163438
2164681
2165898
2166488
2166549
2167852
2168754
2169370
2169487
2170159
2171054
2173109
2173528
2175400
2175406
2176347
2176620
2176897
2177503
2177718
2178046
2178224
2178849
2180407
2182039
2182394
2182467
2182790
2183675
2183745
2184324
2184662
2185143
2186306
2186354
2187500
2187727
2190528
2192934
2193368
2194650
2194872
2196158
2196879
2197203
2197219
2198392
2198918
2200279
2200406
2203759
2204404
2205057
2205660
2205740
2205946
2207480
2208942
2209118
2210128
2210306
2214055
2216090
2216246
2216746
2217685
2218004
2218704
2220435
2220968
2222428
2222754
2223437
2223735
2229153
2231761
2232273
2232734
2232983
2236196
2237012
2237385
2237927
2238283
2239828
2240174
2243428
2244623
2246127
2247776
2248064
2248130
2249809
2251746
2254228
2255018
2255140
2255763
2256187
2256530
2260289
2261796
2262092
2262458
2262754
2262766
2263674
2263958
2265375
2266748
2267292
2267402
2268428
2268569
2270347
2271058
2275532
2275856
2276234
2276965
2277052
2277685
2278611
2279944
2280524
2280548
2282134
2283855
2284199
2285314
2286931
2287125
2289094
2290775
2291499
2291743
2292122
2294732
2295100
2297893
2298784
2299226
2299853
2301192
2302073
2304040
2304435
2308338
2308542
2310010
2312086
2313043
2314107
2315265
2316153
2320049
2321825
2321869
2322541
2325578
2327630
2327934
2328134
2331784
2332313
2333732
2334527
2334604
2334813
2334982
2335526
2336386
2336503
2337363
2337375
2340564
2340773
2341798
2343444
2349737
2350731
2352861
2353198
2354718
2354719
2356819
2357055
2358697
2359337
2359398
2359767
2360161
2360401
2361717
2361873
2362380
2362972
2363193
2366146
2367198
2367563
2368144
2368523
2368543
2370732
2372072
2376250
2376256
2376263
2378194
2380259
2380292
2380323
2381616
2386251
2387211
2389733
2390279
2390523
2390852
2390884
2392059
2392754
2395735
2397965
2398934
2400443
2401378
2401461
2402303
2402336
2403134
2403529
2406219
2406912
2407396
2407452
2407918
2409675
2411556
2411614
2412617
2413412
2414583
2414644
2416219
2416639
2416949
2417183
2417411
2417719
2422292
2423444
2423739
2423943
2424865
2426701
2427736
2429296
2429808
2430639
2433521
2433878
2434581
2435690
2436840
2437589
2437697
2438180
2438799
2444350
2444704
2447374
2447445
2447450
2448738
2449966
2450290
2451449
2454154
2454443
2455411
2456289
2456618
2456682
2458380
2458743
2458889
2458924
2464430
2466194
2466289
2466467
2466788
2466810
2467106
2467361
2467930
2469147
2469492
2469679
2469786
2472410
2473388
2473416
2474285
2474976
2478538
2478999
2480751
2481690
2482437
2482781
2482884
2483372
2483778
2484362
2486766
2488688
2489022
2489423
2490061
2490591
2491982
2492972
2493053
2493080
2495011
2495425
2497640
2499321
2499433
2499486
2500721
2500760
2501832
2502349
2502801
2502954
2503157
2505904
2506025
2506685
2508528
2510069
2510512
2513990
2514995
2517543
2518150
2519149
2520059
2520269
2520797
2521450
2522636
2524643
2524777
2525932
2525963
2526508
2526843
2527007
2528136
2528260
2528560
2530123
2532031
2532233
2532621
2533302
2533461
2534070
2534319
2534561
2535883
2536258
2536492
2536681
2537541
2537953
2538714
2539234
2539390
2543664
2546523
2548159
2548211
2548899
2548901
2549294
2549909
2550399
2551045
2551742
2555299
2557051
2557630
2558705
2560053
2561018
2561041
2561811
2562275
2563970
2564350
2564682
2565483
2566124
2566586
2566590
2566995
2569078
2569755
2570569
2572483
2573032
2574011
2575055
2575226
2576335
2576509
2576590
2577120
2577956
2581876
2586311
2586708
2587542
2587660
2587760
2588474
2588954
2590256
2594697
2595011
2595853
2595892
2596200
2596234
2597488
2599179
2601412
2603198
2604753
2605807
2606300
2608872
2609598
2610331
2610391
2611409
2613134
2613465
2613748
2615253
2615648
2616468
2617140
2617546
2618770
2619592
2619604
2620548
2621729
2622777
2623287
2623403
2625916
2628238
2629780
2629936
2630251
2630443
2630773
2630905
2630990
2633179
2633417
2633623
2634225
2634855
2634982
2636498
2637289
2637607
2638020
2639747
2640845
2642177
2644824
2645538
2645729
2646386
2646493
2648142
2648518
2649716
2650123
2651476
2651787
2652302
2653408
2654124
2655302
2655340
2657521
2660336
2660715
2661448
2663198
2665044
2665740
2665789
2666501
2666833
2668364
2669440
2669538
2670086
2670688
2670719
2670801
2671376
2673288
2676149
2676224
2679470
2680168
2681876
2682669
2683120
2683220
2683953
2684294
2684367
2688302
2692331
2692685
2692819
2695057
2695705
2697699
2697713
2699356
2699846
2701149
2701270
2702450
2703447
2704313
2705979
2707329
2707556
2709520
2710819
2710936
2712023
2712376
2712476
2713256
2713458
2713773
2713933
2714926
2715175
2716271
2717276
2718116
2718873
2718902
2719348
2720083
2720090
2722106
2723111
2723354
2724286
2724790
2726660
2727356
2730758
2731323
2731924
2734373
2734431
2735328
2736626
2736636
2736997
2737078
2738557
2739003
2739668
2740049
2740576
2741634
2743364
2745083
2746710
2747271
2750471
2750723
2750887
2751403
2754098
2754349
2754365
2755590
2757034
2757102
2757472
2758116
2758343
2758355
2760005
2761981
2762381
2764442
2764794
2766056
2766461
2767057
2767213
2768216
2769458
2770444
2771048
2771206
2774186
2775474
2776091
2778398
2781486
2782493
2782692
2784195
2785819
2786252
2786742
2787891
2790753
2790986
2791925
2795150
2796157
2796820
2799678
2800096
2801455
2802159
2802551
2802942
2803171
2803193
2805732
2806240
2807882
2808274
2809090
2810042
2811272
2811797
2812661
2812949
2814652
2814816
2816071
2817733
2818718
2818916
2819515
2819519
2820758
2821123
2822940
2823298
2823809
2824071
2824259
2824495
2824791
2824807
2825171
2825333
2826941
2827834
2828202
2828258
2830296
2833817
2834346
2835171
2836610
2838287
2838461
2838693
2838847
2839441
2839582
2839639
2840553
2840718
2840870
2841197
2842292
2844083
2844230
2845746
2846768
2846768
2846977
2848787
2849265
2850063
2850244
2850339
2850532
2852004
2852617
2853661
2853814
2853942
2854206
2854602
2856128
2858860
2859928
2861120
2861636
2862806
2863873
2865128
2867621
2871181
2871502
2872672
2873802
2873849
2874455
2874974
2875640
2877728
2879630
2880123
2882606
2883852
2885249
2887392
2887660
2888244
2888574
2888786
2890675
2892045
2893135
2894876
2894977
2895038
2895151
2898603
2898927
2900257
2900352
2900658
2901094
2903177
2905192
2906829
2906996
2907526
2907571
2908502
2908529
2908548
2908766
2910253
2913884
2914363
2916029
2918943
2919189
2919358
2919361
2920245
2922341
2923201
2923307
2924393
2925790
2926131
2926234
2926243
2928545
2930164
2930771
2932094
2932288
2933199
2935226
2935500
2936784
2938349
2938699
2938717
2940310
2940701
2941604
2942916
2943003
2945082
2946245
2947988
2949164
2949730
2949964
2954887
2955260
2959500
2961682
2962932
2963858
2964522
2966009
2966376
2967873
2968966
2969589
2969762
2970072
2970514
2971726
2972798
2973942
2974391
2974831
2976441
2976554
2977971
2980710
2981712
2981776
2982639
2983567
2984672
2985092
2987739
2988865
2990173
2990415
2991384
2991719
2992448
2992734
2993624
2993805
2994110
2994984
2996178
2996966
2999170
2999518
3000745
3000820
3002463
3002606
3002615
3003493
3004062
3004308
3005979
3007199
3010272
3013321
3013540
3013617
3013917
3014148
3016110
3016204
3016228
3018184
3018190
3018202
3022104
3025015
3026856
3027489
3028423
3029438
3030386
3031224
3037545
3039021
3039626
3039960
3040194
3043320
3043592
3043725
3043860
3043914
3044687
3044746
3045901
3046588
3047189
3047406
3047510
3048498
3049646
3051878
3053144
3053882
3056055
3056618
3056687
3057229
3058976
3059560
3062189
3065643
3065666
3066317
3067764
3068011
3069030
3070847
3074602
3075218
3077304
3078002
3079269
3079373
3079957
3080154
3080928
3084303
3086469
3087662
3087710
3087854
3088030
3088109
3089412
3089727
3090086
3091009
3098032
3100731
3101996
3102296
3102829
3104635
3104812
3105141
3105342
3107478
3108117
3108957
3109859
3110197
3110911
3111612
3113030
3113606
3114526
3114544
3114587
3116035
3118325
3119161
3120688
3122045
3123090
3124030
3126168
3126381
3126510
3128425
3129067
3129559
3129860
3130968
3131527
3132048
3132347
3132781
3137020
3137091
3137418
3137703
3140091
3142383
3144500
3145325
3146790
3148569
3149517
3153006
3153621
3153916
3153954
3154861
3154913
3155027
3155181
3155710
3158590
3159138
3159161
3159495
3159745
3160358
3161140
3161956
3162496
3162844
3163043
3163351
3164871
3165203
3165407
3165457
3166697
3167711
3173172
3173332
3173797
3174967
3175739
3176307
3177440
3178123
3178726
3180548
3180653
3180921
3182160
3183255
3187079
3187937
3189141
3189435
3190495
3192218
3193468
3193785
3193837
3193908
3194684
3194850
3195397
3195511
3197247
3197315
3197917
3197930
3198099
3198812
3199181
3199267
3204606
3204721
3206202
3206766
3207249
3207428
3207672
3209441
3211014
3213171
3213314
3213486
3214779
3215350
3222704
3223780
3224178
3226340
3228101
3228458
3229329
3231367
3232173
3232325
3232475
3233021
3235673
3237140
3238319
3238858
3238867
3244856
3245482
3246894
3249025
3249025
3252481
3253491
3255162
3256490
3256508
3258270
3259316
3260053
3260674
3261050
3261900
3262520
3262999
3263497
3263590
3264227
3264839
3265587
3266194
3267971
3268139
3270867
3271908
3273209
3273718
3274570
3274723
3279397
3280396
3283738
3284967
3285287
3286196
3286977
3287504
3289868
3290720
3293469
3294814
3295539
3297005
3298036
3298730
3298941
3299708
3299774
3300599
3301002
3301088
3302451
3302457
3303590
3304213
3306396
3307607
3307750
3309587
3313082
3315081
3316653
3318485
3318776
3319847
3321357
3321442
3321787
3324025
3324176
3326046
3326572
3327046
3327684
3327814
3330509
3331867
3332973
3333205
3333297
3333506
3333907
3333996
3334271
3336672
3343750
3347640
3348181
3349502
3350916
3351160
3351323
3352512
3352742
3353426
3353867
3353969
3354089
3355511
3356656
3359445
3359469
3360099
3360602
3363368
3364788
3365159
3365509
3366332
3366559
3367538
3367734
3368690
3369081
3370120
3371971
3375873
3376243
3377373
3380595
3380683
3381652
3381775
3381916
3384280
3384829
3386966
3387536
3387964
3387973
3387981
3388777
3390744
3392511
3393829
3393988
3395007
3396211
3399162
3399195
3399815
3401014
3401305
3401433
3401868
3402750
3403933
3404311
3404700
3404949
3405070
3407063
3408282
3409954
3410399
3412323
3414865
3418791
3419017
3419716
3424260
3424290
3424768
3424864
3425202
3428888
3428923
3429128
3431017
3431429
3432104
3433063
3436826
3436873
3437329
3439214
3440074
3441089
3442062
3443203
3443376
3444036
3444543
3444944
3445143
3446912
3447433
3447534
3447997
3448036
3448881
3449294
3450907
3451467
3453188
3454833
3455736
3456057
3457512
3457753
3457914
3458793
3459672
3459833
3460090
3462879
3463633
3465002
3465261
3465512
3465657
3465974
3467324
3468858
3469168
3469976
3471008
3472374
3472612
3472692
3473287
3473348
3475737
3476175
3478145
3480550
3480570
3480685
3482892
3483303
3484833
3485026
3485056
3485179
3485445
3485487
3485746
3488263
3490959
3491243
3491953
3492800
3493320
3496076
3497502
3497683
3499281
3502215
3504827
3505236
3505905
3506466
3506518
3506748
3508921
3509578
3510023
3511382
3511414
3511965
3514403
3514934
3515824
3518947
3519112
3519606
3520005
3520498
3521090
3524566
3524763
3525033
3529242
3529715
3530952
3532038
3534826
3538773
3540592
3540655
3541320
3541468
3541876
3543455
3546412
3548444
3550093
3550253
3550446
3550658
3552041
3552063
3554182
3554421
3554811
3555567
3556837
3556942
3557142
3559090
3559445
3561342
3563461
3564810
3565081
3565109
3565421
3567869
3568111
3568295
3570492
3571043
3571522
3572996
3573769
3574801
3574882
3575413
3575986
3576803
3577948
3578341
3580957
3581734
3582023
3582338
3583398
3584523
3585478
3586319
3586388
3586405
3587600
3588474
3588849
3590181
3591171
3591845
3592203
3592327
3592586
3593589
3594324
3594814
3595097
3596803
3596911
3597914
3598167
3599384
3602255
3603940
3605270
3606042
3609498
3610071
3610268
3611256
3612596
3614030
3614082
3614417
3614511
3615949
3616368
3616668
3617015
3617091
3617753
3619435
3620130
3621233
3622720
3623017
3625396
3626771
3626887
3628447
3630604
3631233
3631257
3631439
3632161
3632822
3633726
3635872
3636158
3637094
3639044
3639137
3639403
3641238
3642157
3642235
3646711
3649292
3650303
3650352
3650762
3651108
3651148
3651652
3654840
3655353
3655458
3655576
3656396
3657236
3658790
3660104
3663325
3663777
3665123
3666650
3666704
3667394
3668775
3669086
3672876
3673339
3673391
3673882
3673949
3674535
3675743
3677622
3678075
3678155
3678424
3678685
3679781
3681627
3681702
3683397
3684099
3684112
3687112
3687297
3688051
3688700
3689685
3689917
3690368
3690868
3691109
3691606
3691761
3692607
3693245
3694067
3694996
3695777
3697147
3697247
3698023
3699081
3699865
3702650
3703163
3705710
3706126
3706647
3706802
3707074
3707480
3707630
3707662
3707757
3707975
3710236
3712350
3713271
3713861
3714683
3714798
3715235
3716509
3717246
3721594
3721894
3722460
3722895
3725218
3725219
3725716
3726645
3726965
3731245
3732120
3732493
3732836
3735047
3735140
3735552
3736981
3739205
3740418
3740447
3744725
3744777
3746101
3747178
3748473
3749111
3751173
3751559
3753683
3753884
3754212
3755629
3761564
3762111
3762327
3762697
3763458
3763697
3765871
3766839
3767338
3768127
3768504
3768766
3768897
3769942
3770387
3773484
3775275
3778146
3778847
3779927
3780922
3781508
3781763
3781810
3782069
3782140
3782853
3783727
3785404
3785506
3785591
3786772
3789923
3790267
3790666
3791664
3792559
3793107
3794427
3794759
3794960
3796892
3796939
3797710
3798383
3798878
3799130
3799426
3799634
3800760
3801655
3801961
3802181
3803669
3804315
3804486
3804735
3806591
3807234
3807394
3808027
3810615
3810686
3811050
3812974
3815305
3816134
3816215
3816220
3817034
3817574
3819949
3820606
3821261
3821533
3822254
3823293
3823381
3823749
3825604
3825605
3825800
3827549
3827878
3828929
3831160
3835733
3836432
3836679
3837643
3838762
3840163
3845032
3845520
3845528
3846072
3848021
3849722
3849810
3852790
3853384
3855284
3856841
3857976
3859015
3860542
3862327
3865840
3866392
3866429
3869986
3872633
3872734
3873964
3874026
3877140
3878539
3880569
3880685
3880941
3881423
3882112
3882409
3885238
3885808
3886059
3886271
3886463
3886628
3886978
3887803
3887958
3890538
3891187
3891254
3891334
3892161
3892983
3894232
3894715
3894840
3895841
3898061
3901111
3903566
3903653
3903881
3906021
3906158
3907736
3908251
3908254
3909962
3910072
3910265
3910364
3911745
3911899
3912055
3912267
3912269
3914398
3915709
3916965
3917092
3917358
3918121
3918751
3918865
3918972
3920038
3920561
3920830
3920964
3924138
3925721
3925857
3926143
3927221
3927532
3928843
3932587
3932652
3932915
3933022
3934451
3934702
3935396
3937457
3938270
3938701
3941457
3942374
3944298
3945053
3946291
3946414
3947041
3947051
3947739
3949222
3950177
3950304
3951996
3952386
3953046
3953666
3955051
3955381
3955432
3955951
3955972
3957539
3958031
3958425
3959819
3960411
3961255
3961297
3963288
3964191
3964683
3966848
3967037
3967051
3967637
3967857
3968635
3971114
3972404
3974112
3975407
3976653
3977622
3980519
3980824
3983202
3984129
3986157
3986264
3986452
3986754
3987086
3987799
3988229
3989693
3991046
3993368
3993985
3995556
3995593
3997111
3998215
3998402
3999932
3999960
4000323
4000681
4001379
4003050
4005009
4005667
4008292
4008430
4010845
4011520
4012459
4016001
4017501
4019420
4020567
4021743
4023856
4024124
4025165
4027320
4027583
4027639
4028380
4028943
4028996
4029215
4030774
4031600
4032101
4032976
4034736
4036461
4038566
4040400
4040403
4040881
4041167
4041351
4041792
4041882
4042365
4043067
4044101
4044599
4046007
4047329
4047775
4047996
4048623
4048626
4048977
4049676
4050499
4051019
4051571
4052018
4052567
4056747
4056791
4060809
4061048
4061759
4062382
4062426
4064088
4064335
4064901
4072606
4072703
4073370
4077773
4078259
4079421
4080843
4082050
4084579
4087531
4087711
4089172
4090032
4090200
4090859
4091686
4092234
4095022
4095060
4095745
4095820
4096913
4097161
4097874
4098734
4100857
4101113
4101839
4102675
4102747
4104407
4106348
4107681
4109352
4109608
4110508
4110661
4110991
4112466
4113236
4115152
4117792
4120867
4120896
4122032
4123786
4124046
4124220
4125140
4126950
4127156
4127369
4129524
4129877
4129954
4130872
4131151
4133130
4133589
4135236
4138644
4143910
4145257
4146244
4146451
4147070
4147326
4147554
4147571
4148075
4149446
4149832
4149955
4150125
4150254
4151249
4152226
4152274
4154073
4154091
4154863
4155594
4155624
4156066
4158124
4158660
4159651
4161708
4162051
4167637
4167715
4168275
4169939
4170893
4172025
4172190
4177751
4178779
4179285
4180570
4181467
4181562
4183202
4183718
4185642
4186872
4187516
4190428
4191742
4192435
4196342
4196431
4197274
4198673
4198918
4199972
4200792
4200848
4201069
4202235
4204634
4205010
4206243
4206644
4207915
4207993
4208154
4208513
4209439
4209675
4210012
4210801
4210884
4213077
4213496
4214677
4215546
4216249
4216439
4218236
4218593
4218785
4220239
4220263
4221117
4221263
4222218
4222232
4224505
4224864
4227022
4228444
4230297
4230302
4232233
4233518
4234956
4235975
4236872
4238046
4238335
4238783
4241990
4243767
4244506
4247686
4248626
4248677
4249758
4251327
4251768
4252777
4253031
4254884
4255332
4255351
4255812
4256271
4256479
4256678
4256914
4258257
4258726
4259631
4259683
4261667
4262547
4263301
4263370
4263748
4264286
4266659
4268980
4270296
4271246
4272763
4272813
4273487
4273952
4275569
4278050
4278851
4278990
4279082
4279172
4279192
4279777
4280206
4283572
4285513
4286813
4289072
4289383
4290255
4290596
4290636
4291980
4292538
4294404
4295466
4295879
4296630
4296984
4298960
4299455
4299699
4299868
4303818
4304389
4305058
4305153
4306629
4306681
4307000
4307398
4308628
4311574
4311956
4313225
4313265
4313871
4313970
4314281
4315995
4316428
4316437
4317458
4318984
4319529
4320152
4320788
4320799
4321179
4321892
4322197
4323221
4323580
4324065
4324504
4324635
4325361
4325578
4327263
4327308
4330334
4330757
4333378
4335742
4336255
4338460
4340012
4340950
4341966
4342337
4344023
4344043
4344235
4344774
4345135
4345269
4346896
4347227
4349542
4350259
4350766
4352949
4353696
4353895
4355903
4358698
4359509
4361823
4363341
4365084
4366026
4367395
4367994
4368447
4369755
4370888
4371690
4371903
4374581
4375222
4375728
4376426
4376621
4376647
4383727
4384719
4384795
4390769
4392735
4392739
4393119
4393169
4395173
4395776
4396164
4396293
4396429
4397243
4400657
4401070
4401425
4402557
4404628
4409802
4410544
4411376
4412034
4412400
4413323
4413714
4413882
4415507
4415775
4415930
4416065
4416748
4419480
4419677
4420171
4420925
4422147
4423328
4423428
4424342
4425672
4426555
4427010
4428386
4428608
4428725
4429689
4430207
4430275
4433518
4434070
4434309
4435776
4437574
4438038
4438548
4438702
4439060
4441264
4442362
4442929
4443280
4443704
4444898
4445090
4445884
4446575
4447137
4448664
4449299
4449400
4451352
4452111
4453361
4453596
4453810
4454391
4457236
4457257
4458676
4459131
4459928
4460396
4461366
4462197
4462294
4462951
4463495
4463952
4465626
4468303
4470216
4471694
4472058
4472064
4472154
4476172
4476780
4481123
4483445
4484950
4486766
4486877
4486946
4490504
4491586
4492631
4493787
4495274
4496593
4496780
4497417
4497857
4498433
4498915
4499430
4499599
4500838
4502734
4502799
4503595
4504234
4505404
4506252
4507192
4508186
4511610
4512650
4513994
4514500
4515334
4515797
4515802
4516633
4516898
4519218
4521438
4521668
4522071
4522535
4523315
4528508
4531492
4536452
4537114
4537736
4538386
4541320
4542394
4544919
4545820
4546560
4548334
4548894
4549797
4550627
4551074
4552805
4554163
4559277
4560116
4560305
4561852
4562945
4564349
4567089
4568036
4568155
4568290
4568612
4569051
4569528
4569917
4571475
4572463
4572553
4573559
4573876
4574048
4574246
4575023
4575198
4576914
4576987
4577054
4578354
4578912
4579988
4580226
4580282
4581163
4581324
4582474
4582664
4583195
4585770
4586048
4586284
4586528
4589771
4591026
4591281
4592478
4592595
4593499
4594767
4595508
4596534
4597513
4600361
4600469
4600930
4600938
4601863
4602408
4602532
4603207
4604016
4604173
4605206
4606994
4609000
4610160
4612399
4612602
4612995
4613281
4613810
4613996
4614255
4614710
4615609
4617059
4617267
4617505
4617659
4618834
4620094
4620392
4621140
4621224
4622626
4622652
4622929
4624221
4625012
4625727
4625765
4627019
4627321
4627803
4628762
4630775
4631287
4632731
4633074
4633137
4634316
4635252
4635591
4636915
4639529
4641147
4641629
4642738
4643385
4644439
4644696
4645486
4646552
4646704
4647625
4648401
4650272
4651134
4651899
4652544
4655159
4655607
4656700
4657902
4658322
4660183
4661174
4661237
4661689
4661764
4663852
4665169
4665220
4665417
4666118
4666328
4666764
4669224
4671445
4671941
4673185
4674884
4675953
4676538
4677418
4678859
4681921
4682290
4683190
4683412
4686248
4686974
4688209
4688519
4690958
4692770
4694082
4695984
4696224
4696435
4696532
4696634
4698506
4699656
4700010
4700216
4700224
4701101
4702567
4703785
4703850
4704072
4704205
4704518
4704939
4705486
4705690
4706181
4706704
4708374
4708625
4709364
4710647
4710668
4710873
4711381
4711873
4714733
4716492
4716929
4718295
4719259
4719330
4722032
4722033
4722040
4722137
4722363
4722490
4723202
4723506
4723783
4724137
4725062
4726037
4726095
4726823
4726897
4727551
4729913
4730116
4731157
4732036
4734562
4738097
4739221
4740865
4741448
4741933
4742850
4743259
4744263
4745702
4746624
4748566
4749078
4749154
4753642
4754116
4755603
4756387
4760186
4760235
4760494
4760620
4763920
4763967
4764240
4765404
4765595
4765827
4765852
4766608
4768654
4769883
4771149
4771801
4773630
4774222
4775113
4776255
4777750
4779227
4784082
4784284
4784786
4788777
4788924
4790563
4792036
4794536
4798203
4798971
4799051
4799752
4800816
4801876
4803526
4804774
4804919
4805128
4806403
4806773
4808010
4809492
4810947
4811783
4811796
4812754
4812972
4815548
4815955
4817046
4817184
4820752
4825630
4826621
4826722
4827124
4829090
4829150
4829832
4829904
4830070
4830940
4831224
4831585
4832038
4832291
4833335
4833428
4834684
4835312
4835608
4835666
4836299
4837581
4838184
4839325
4840040
4841123
4841746
4843023
4843956
4844049
4845004
4846053
4847471
4849762
4850682
4851988
4852634
4852791
4854106
4855237
4855869
4857159
4858606
4860591
4860959
4862830
4863478
4863770
4868098
4868146
4868399
4868448
4868796
4869401
4870019
4870254
4870791
4871043
4872353
4873513
4874089
4875286
4875909
4878516
4879519
4880226
4880533
4884025
4884396
4884942
4887343
4887560
4887982
4890115
4892438
4892936
4893147
4894461
4894610
4895504
4895997
4896152
4897588
4897763
4897797
4898012
4898138
4898994
4899551
4900004
4901554
4905605
4907165
4909341
4909614
4910886
4913027
4914857
4916074
4916170
4916354
4916418
4917216
4919770
4920996
4922909
4924677
4928311
4930039
4930058
4930122
4930983
4931185
4931902
4933720
4933990
4937732
4938157
4938416
4941497
4941743
4943171
4944648
4945486
4947645
4947677
4947983
4948415
4949299
4949884
4950082
4951680
4952921
4953220
4953312
4953865
4953968
4954631
4956713
4958996
4959656
4960250
4960596
4961077
4961686
4962507
4962575
4963290
4963628
4964680
4965537
4967250
4967600
4969710
4969796
4969907
4969968
4970279
4971714
4975230
4976362
4978850
4979569
4979846
4979982
4980131
4980437
4983157
4983411
4987067
4987084
4989683
4990513
4992371
4993274
4995154
4996828
4997685
4998214
4999343
5000093
5001171
5001244
5001925
5002427
5005211
5005226
5006734
5006816
5007144
5010947
5011053
5011703
5011789
5013598
5014385
5017223
5019593
5020172
5022190
5023787
5024136
5026196
5026650
5027572
5030706
5031020
5031790
5032172
5032460
5033882
5034979
5035325
5035368
5036055
5036189
5036214
5036421
5037200
5039129
5039195
5039875
5040072
5040140
5041159
5042417
5042484
5042772
5042856
5042992
5043453
5045156
5046017
5050197
5051735
5051986
5053762
5054024
5056699
5056757
5056794
5056927
5059234
5059720
5060319
5060642
5061773
5061991
5064662
5064825
5066623
5068689
5069410
5071201
5071892
5072486
5073828
5077589
5079296
5079540
5080262
5080308
5081858
5082466
5084100
5084672
5085972
5089128
5089358
5089965
5090717
5093316
5093397
5093662
5094909
5095027
5095475
5095731
5097051
5097218
5097602
5099393
5100486
5103348
5103807
5104510
5104522
5106226
5109644
5115464
5117276
5119204
5119375
5119502
5120356
5122431
5122573
5125244
5125849
5126162
5127597
5128121
5128526
5132002
5132244
5132946
5133608
5133984
5135339
5138377
5139471
5142902
5144369
5147408
5149023
5149637
5151213
5151225
5152410
5152910
5154589
5154931
5156181
5156584
5157511
5158732
5159346
5160574
5161631
5162672
5163038
5165483
5166342
5167308
5168164
5169080
5169437
5169591
5170269
5170506
5171637
5171932
5172467
5172631
5172657
5173136
5173294
5173402
5174067
5175780
5176239
5177161
5177290
5177358
5178497
5178604
5178690
5178736
5179334
5179497
5180540
5180601
5181862
5183171
5183540
5183547
5184120
5185185
5186709
5187190
5187618
5189497
5189595
5191309
5191544
5191614
5191653
5192209
5193512
5194528
5194731
5195123
5196827
5197314
5197930
5198105
5198451
5199861
5201132
5201937
5202254
5202362
5202512
5202977
5203165
5204346
5204628
5204916
5206657
5206781
5206797
5207056
5207433
5207829
5209188
5209933
5210525
5211322
5213404
5214197
5214815
5216454
5217972
5218189
5218377
5218657
5218967
5220510
5220851
5222833
5224149
5227118
5227667
5228399
5228721
5228804
5229157
5229780
5232088
5232425
5234140
5234555
5234660
5235128
5236214
5236486
5237575
5238502
5240853
5241081
5242061
5244944
5245562
5245975
5251304
5251593
5251743
5251761
5251990
5252277
5252833
5254786
5255251
5255472
5256132
5256190
5256477
5257325
5258232
5259134
5261921
5264398
5264453
5264932
5266356
5267731
5268496
5268780
5271487
5274956
5275444
5276451
5276617
5277883
5279207
5279239
5279640
5280947
5281052
5283539
5284832
5286141
5286845
5287600
5288019
5288549
5290021
5291638
5292267
5292453
5292789
5295031
5295657
5296009
5296600
5297508
5299067
5299958
5302120
5303482
5304130
5306616
5308422
5311705
5311776
5312109
5313220
5313736
5314788
5315128
5317249
5317824
5318288
5318627
5318908
5319199
5319301
5320512
5320585
5320763
5321496
5321929
5322394
5322500
5324309
5324908
5324914
5325695
5326717
5331055
5331834
5332060
5335928
5336829
5336947
5339609
5339680
5341089
5341551
5341973
5342203
5342733
5343058
5344818
5345020
5349946
5351585
5351718
5353127
5353347
5354340
5356489
5356554
5357080
5357096
5357509
5359154
5359939
5360857
5362297
5364792
5365723
5366070
5366596
5367445
5367818
5369028
5369615
5371198
5371254
5373140
5373743
5375320
5375861
5376088
5378384
5379574
5379851
5380177
5381604
5381894
5382524
5382704
5385371
5385391
5385907
5386147
5387090
5387142
5388310
5393921
5394080
5397551
5398163
5401666
5402260
5402908
5404090
5405690
5405989
5406847
5408917
5408935
5410091
5410116
5414049
5414639
5414816
5417016
5417405
5417593
5417873
5418241
5418816
5419535
5419962
5420959
5421244
5422411
5423094
5423542
5425614
5425661
5425913
5426865
5427197
5427417
5428484
5429566
5431554
5433483
5434205
5434825
5438144
5438747
5439124
5439379
5439570
5440562
5440598
5440770
5442496
5443968
5444584
5445259
5446571
5446847
5447706
5448028
5450385
5451076
5453149
5454918
5456600
5457702
5458701
5459967
5460737
5460991
5462166
5462314
5463645
5464893
5465115
5466127
5466382
5467234
5468160
5469366
5470641
5471147
5471652
5473067
5473439
5473788
5475113
5477699
5478226
5479186
5479782
5481274
5481660
5482131
5482362
5486058
5487236
5487534
5491186
5491800
5492905
5493053
5493634
5493854
5495367
5495688
5496414
5497281
5497886
5497987
5498940
5499895
5501255
5504242
5504959
5505363
5505365
5509174
5509192
5511559
5511804
5511941
5512531
5516336
5518078
5518157
5519019
5519125
5519640
5520789
5522325
5523541
5523763
5525173
5525339
5525398
5526127
5526309
5527785
5528787
5530019
5530607
5530777
5530938
5531187
5533206
5533459
5533764
5536242
5538316
5538954
5539862
5541128
5542485
5542732
5544207
5546413
5546868
5547042
5547597
5548480
5549195
5549484
5550001
5550270
5550551
5551514
5552368
5552878
5553286
5553303
5554010
5554257
5554294
5554529
5555233
5555382
5555898
5557130
5558628
5560280
5563291
5563677
5563816
5563969
5564045
5566092
5567177
5570919
5571137
5571192
5573273
5575027
5575056
5575223
5575579
5577216
5577963
5579791
5582865
5584545
5584927
5586903
5586989
5587942
5589735
5589791
5589888
5590964
5591844
5592277
5592431
5593010
5594861
5595520
5596083
5597582
5598382
5598922
5599258
5599311
5601070
5604081
5605356
5606032
5607396
5610196
5611343
5612439
5612604
5613091
5615209
5616094
5618790
5620421
5620727
5620848
5622011
5624150
5627016
5627540
5629391
5630304
5630889
5631809
5631942
5632228
5632563
5632904
5634022
5635625
5636010
5636226
5636353
5636989
5638893
5640066
5640296
5641892
5644008
5644428
5644664
5645296
5648095
5649157
5651378
5654526
5655117
5655191
5659789
5659815
5660613
5661636
5663994
5664225
5664967
5666051
5667344
5668112
5669741
5670123
5670350
5675634
5676898
5680018
5680229
5680297
5681877
5682472
5686583
5688411
5690294
5690885
5692994
5693054
5693059
5694223
5695316
5696038
5697057
5697454
5699776
5699897
5699927
5699972
5701520
5701533
5704796
5705290
5705360
5706887
5707034
5707997
5708428
5708726
5709879
5710679
5710872
5711850
5713469
5714087
5715489
5715985
5716116
5716599
5716771
5716951
5717581
5718902
5719076
5721112
5722402
5722604
5723058
5723562
5724345
5724587
5725327
5725379
5725394
5726814
5727023
5728802
5728906
5733237
5733938
5736906
5737916
5738089
5738724
5740084
5742588
5744613
5745017
5745488
5745791
5747036
5747335
5748720
5749339
5750753
5750846
5753124
5753319
5753768
5754673
5754977
5755630
5756851
5757022
5757408
5760099
5767522
5768735
5769350
5769409
5770520
5771559
5774123
5774618
5776845
5777184
5777610
5778828
5781645
5784918
5785292
5785752
5786338
5786667
5787096
5787884
5789224
5789528
5790417
5790866
5791262
5791694
5792349
5797354
5798202
5798426
5798898
5798986
5799631
5799924
5800308
5800805
5802345
5803002
5803427
5803708
5804415
5804741
5804838
5807764
5808780
5810150
5810436
5812977
5813070
5813159
5813605
5814780
5815225
5815494
5816050
5816098
5816260
5816539
5819068
5821956
5825311
5825325
5825584
5826607
5827441
5828236
5828993
5829204
5830465
5830504
5831264
5834946
5839366
5839403
5840146
5842631
5842816
5843024
5843485
5843881
5844788
5845082
5846426
5846552
5850741
5851172
5851476
5853939
5854098
5855657
5855714
5855938
5856468
5857464
5858570
5858699
5859315
5859963
5860279
5860548
5862310
5862565
5862802
5863593
5864481
5866545
5866557
5867182
5867970
5868784
5868921
5869397
5869818
5871402
5873340
5873480
5875316
5877014
5877025
5877108
5877502
5886384
5888611
5888731
5889744
5890698
5891638
5892498
5892857
5894428
5894996
5895807
5897490
5897652
5898167
5898702
5901593
5905385
5905917
5908235
5910875
5911180
5911225
5911917
5913373
5913922
5914085
5915209
5915741
5915895
5916064
5917669
5917759
5918124
5918602
5919159
5922256
5923237
5923598
5924464
5924783
5930242
5933681
5934396
5934762
5935710
5936070
5936515
5937346
5937673
5937718
5938149
5938445
5938993
5939255
5939414
5939811
5940404
5942212
5942916
5944460
5944573
5945229
5945941
5947468
5950088
5950186
5952280
5952847
5952861
5954166
5954327
5954403
5958573
5959058
5960378
5961688
5961878
5962074
5962564
5963953
5964647
5966189
5967621
5968158
5969100
5969377
5970409
5970562
5970818
5972417
5972619
5975358
5977337
5977497
5977554
5977882
5982431
5983044
5985191
5986667
5987038
5987415
5987523
5988871
5988922
5989390
5989877
5989935
5989944
5990364
5991275
5991403
5991608
5992939
5992974
5994662
5995668
5996658
5997813
5999278
6000064
6000081
6001642
6003094
6003615
6004082
6005216
6006071
6007619
6011017
6011351
6012299
6012582
6013372
6014007
6015033
6016522
6017566
6018704
6018859
6019278
6021008
6023182
6023440
6023949
6024100
6026160
6026445
6028861
6029375
6030096
6031502
6032277
6032310
6034190
6034282
6034303
6035217
6035280
6037876
6038879
6039021
6040215
6041991
6043324
6046341
6046380
6047395
6047641
6050531
6052097
6054364
6055435
6055776
6055805
6056448
6056788
6057602
6058531
6058856
6059129
6059479
6060028
6060707
6060910
6061770
6064959
6065812
6065818
6066681
6067367
6070927
6071125
6071161
6072213
6072641
6073990
6075704
6077375
6077591
6079422
6080254
6080830
6082014
6082460
6083781
6084542
6085544
6085739
6086317
6086990
6087764
6088411
6088582
6090023
6090428
6091840
6092376
6092489
6092609
6092622
6094749
6095042
6095815
6096271
6096358
6096879
6098480
6099901
6100514
6101662
6105473
6107205
6108019
6109445
6111793
6112132
6112927
6117195
6119540
6120160
6122429
6125336
6125413
6126447
6127098
6127179
6127303
6129205
6130834
6130939
6131424
6131635
6134158
6135018
6135205
6135518
6136052
6136154
6137088
6138722
6138954
6139563
6139885
6140795
6146081
6146246
6146542
6146692
6147997
6148151
6149720
6152433
6152978
6153275
6153579
6156217
6158436
6158627
6162141
6162289
6162964
6163926
6164556
6166264
6167332
6170911
6172326
6176022
6176279
6177207
6178855
6179453
6179915
6180200
6181851
6183327
6183458
6184096
6184274
6184447
6184454
6185994
6186952
6189196
6189876
6192190
6193485
6194465
6195195
6196471
6198032
6198530
6198656
6198752
6199759
6200345
6201114
6202568
6206371
6206725
6208501
6211597
6211926
6212148
6212151
6212866
6213652
6214337
6214636
6215463
6216347
6217690
6218466
6220377
6220853
6220943
6221743
6222407
6222842
6223060
6224472
6225844
6225920
6226967
6227440
6227843
6228371
6228785
6228807
6231109
6231349
6233114
6234646
6235104
6235189
6235379
6236129
6236448
6236614
6237639
6237892
6241694
6241707
6242635
6242869
6243076
6245400
6246677
6247255
6247643
6249395
6249610
6250008
6250262
6250774
6250819
6250886
6251819
6252101
6253188
6253215
6253510
6254146
6254466
6256340
6256709
6256958
6257224
6260054
6260595
6261902
6262331
6264854
6265391
6266066
6266761
6266858
6266877
6266994
6267480
6267705
6267725
6270887
6271957
6272000
6272083
6273378
6273865
6274432
6274789
6275812
6276121
6277107
6277479
6278068
6278415
6279545
6280603
6282815
6283858
6285188
6285753
6288819
6289270
6289888
6291125
6293255
6293807
6297099
6297406
6297539
6297783
6299808
6300579
6300691
6300961
6302059
6306640
6306879
6314197
6314462
6314592
6315612
6316151
6320870
6321813
6322141
6323015
6324366
6326173
6326885
6326920
6331354
6332892
6334055
6334471
6334697
6338131
6339643
6340414
6340713
6341138
6341786
6342013
6346768
6348687
6349250
6350310
6350768
6350826
6351072
6351142
6351825
6352683
6353644
6353914
6354754
6355856
6356264
6356569
6358898
6359196
6359202
6359305
6359554
6359574
6359602
6360494
6361647
6362173
6363501
6363551
6363827
6363941
6366796
6369633
6370245
6370347
6371155
6371392
6372440
6373053
6373997
6374366
6374729
6374817
6374844
6377017
6381035
6381465
6385336
6385387
6385755
6386216
6386851
6387191
6387350
6389569
6391568
6391879
6392597
6396003
6400734
6401947
6404069
6405071
6405135
6405247
6406667
6406904
6408437
6409053
6409938
6410762
6411266
6411641
6412173
6413173
6415338
6416008
6416216
6416758
6417809
6418446
6418627
6419087
6419163
6420005
6420041
6420782
6420894
6423611
6423768
6424175
6424773
6425834
6426808
6428585
6428651
6436388
6436758
6437032
6437271
6437685
6437997
6440376
6441309
6443731
6443745
6444293
6446286
6446832
6447599
6447757
6448566
6449004
6451503
6452213
6452551
6453195
6453333
6454226
6455562
6456725
6456903
6457220
6459200
6459253
6459373
6459389
6461191
6462158
6462918
6464105
6465782
6472033
6473438
6473730
6475082
6475623
6476224
6478004
6478042
6478179
6478257
6479036
6480879
6482206
6486128
6486530
6488339
6488613
6488630
6488875
6491027
6491298
6492728
6493161
6493503
6495251
6495343
6496585
6497922
6497994
6498187
6499950
6500154
6500941
6501082
6502533
6503812
6504794
6505047
6505333
6505530
6505642
6505735
6506595
6510139
6510489
6516645
6516649
6517553
6518107
6518566
6520918
6521213
6524081
6524403
6527645
6527885
6528010
6528780
6529297
6529518
6531234
6531426
6531738
6532036
6533149
6533904
6535128
6536221
6536753
6539012
6540959
6541312
6541449
6543151
6544687
6544720
6544874
6545772
6549109
6549611
6551394
6551633
6554328
6554595
6554831
6555366
6556433
6556829
6558185
6558994
6559784
6561149
6563491
6564285
6564525
6565744
6566592
6568384
6569816
6570124
6573191
6573917
6574449
6575805
6577616
6578186
6579530
6579531
6580059
6581905
6584176
6584179
6585258
6586128
6586432
6586766
6587750
6588711
6592480
6593093
6594057
6594918
6595622
6596855
6596980
6598370
6599722
6599919
6600117
6600769
6605683
6605841
6605987
6606669
6608253
6610639
6611449
6612959
6612981
6614537
6615055
6616554
6617457
6618017
6619041
6620483
6621269
6621710
6621968
6622281
6624031
6625677
6626033
6626064
6627171
6631626
6635246
6635281
6636027
6636480
6636938
6638053
6638228
6640778
6641402
6642356
6643820
6647227
6647847
6647893
6647974
6648412
6650301
6651091
6651692
6651794
6653303
6655788
6658347
6660286
6662720
6663220
6664164
6664702
6665155
6665385
6667123
6667372
6668206
6668624
6668784
6669179
6669207
6671823
6673168
6674446
6675260
6675867
6676291
6677340
6677694
6680429
6681342
6681884
6682857
6684278
6686029
6686896
6687531
6689772
6690120
6690306
6696776
6701105
6701148
6701200
6703183
6704325
6705458
6707205
6707246
6707277
6707442
6707847
6709428
6710049
6710097
6713846
6714201
6714440
6714674
6715638
6716255
6716465
6717774
6718393
6719224
6719802
6719938
6720168
6720485
6720766
6720835
6721873
6723382
6724902
6725842
6727459
6727699
6728141
6728279
6730118
6730292
6730436
6730762
6732620
6733503
6734673
6735658
6736078
6736335
6737257
6737459
6737643
6738678
6740259
6741222
6741667
6743049
6746254
6747294
6747319
6748250
6748305
6748696
6750128
6750614
6753870
6753918
6755199
6755776
6756623
6757354
6757669
6757944
6758863
6759355
6759810
6759867
6760793
6764098
6764303
6764524
6764902
6765135
6765221
6766083
6766367
6767876
6768482
6768681
6769166
6769257
6769567
6772124
6772582
6772878
6773587
6774026
6774315
6774406
6774509
6777125
6777163
6779037
6779465
6780946
6782912
6784600
6785426
6786335
6788789
6790001
6790085
6791631
6792856
6793640
6793946
6794893
6795367
6796072
6796618
6799287
6801055
6802398
6802671
6803069
6803207
6804712
6804722
6804978
6805858
6806931
6807716
6808933
6808940
6810012
6810336
6811127
6811305
6811320
6811558
6811972
6812080
6816104
6816850
6818961
6819080
6819290
6819339
6819439
6819949
6820974
6823884
6823888
6824656
6824859
6825105
6825559
6826460
6827267
6830222
6830235
6831742
6832056
6837390
6839851
6840588
6843845
6846184
6846238
6846587
6846854
6847845
6849177
6849192
6851320
6852701
6855542
6855866
6856688
6857769
6858069
6861727
6863160
6863809
6863907
6864326
6864819
6864840
6865451
6869528
6869906
6870037
6870288
6870461
6872162
6872710
6873446
6875057
6876567
6877981
6878673
6879183
6879552
6880017
6880163
6881504
6882679
6885246
6888358
6888837
6889260
6889408
6890982
6893507
6894018
6895669
6896499
6898500
6898537
6899220
6900253
6901068
6902021
6903190
6903580
6905664
6908520
6909202
6910258
6910435
6911191
6911340
6911826
6912470
6912989
6913064
6913208
6913901
6913970
6914653
6915667
6915896
6916066
6916269
6918184
6918245
6919184
6919225
6919411
6919591
6922167
6922351
6923279
6924347
6925393
6925566
6925575
6926156
6926210
6926591
6926754
6927301
6928191
6928911
6929416
6929947
6930886
6933927
6935695
6938620
6939443
6939507
6940183
6941062
6941238
6941484
6942491
6942590
6943939
6945487
6947386
6947684
6948028
6948247
6949023
6951142
6952774
6953165
6953959
6953964
6954032
6956354
6956429
6958517
6959639
6959710
6960392
6963638
6965196
6966149
6966692
6966948
6967137
6967877
6970727
6971017
6971908
6973703
6973815
6975669
6976784
6977467
6979759
6980108
6981092
6982346
6983346
6983804
6986208
6987743
6988628
6988668
6990546
6990816
6991491
6992200
6992709
6994949
6994985
6995992
6996512
6997339
6997827
6997946
7001842
7001914
7003637
7008216
7009719
7010165
7010431
7010946
7011964
7013888
7017881
7018507
7019034
7020934
7021485
7021491
7022181
7023023
7026272
7027495
7029573
7032538
7033808
7034633
7035928
7036159
7037062
7037392
7038602
7039828
7040077
7040500
7040702
7040898
7040926
7040972
7046355
7046647
7047983
7048267
7049764
7050466
7050707
7051477
7052251
7052621
7053428
7053542
7053959
7054660
7056552
7057115
7057460
7057570
7058218
7059619
7060987
7061151
7062258
7062718
7062760
7066249
7068632
7068972
7069883
7070491
7070757
7071478
7073764
7073847
7073940
7075122
7075155
7076376
7077888
7078592
7079381
7080124
7082379
7084267
7084746
7085106
7085193
7085507
7086305
7087586
7087997
7089491
7091251
7091749
7092061
7092923
7096180
7097467
7097654
7099538
7100161
7100237
7103124
7103978
7104697
7105994
7106312
7106413
7107603
7107722
7108003
7108129
7108342
7110094
7110751
7116466
7116473
7117507
7118159
7119446
7122594
7122729
7123558
7125139
7125657
7126763
7127249
7127367
7127828
7128464
7129085
7133596
7134136
7134463
7134495
7136219
7137166
7138548
7138864
7140186
7140292
7141723
7142227
7142618
7144491
7144830
7145375
7145472
7147498
7147567
7147774
7148711
7149078
7149314
7150654
7150799
7150859
7153538
7155554
7155895
7156407
7157265
7157360
7159487
7160106
7160374
7160923
7161521
7161528
7161534
7162161
7162652
7163767
7164213
7164626
7165449
7165683
7167744
7168133
7170620
7171087
7172784
7172980
7174069
7177203
7180529
7182057
7182313
7184680
7184765
7184889
7184964
7187956
7189168
7189375
7190800
7191005
7191794
7195540
7196008
7196228
7196295
7196637
7198483
7198697
7200707
7203630
7204319
7204445
7208466
7209095
7209802
7210498
7210541
7210708
7211388
7213073
7215215
7217497
7222095
7223193
7223956
7225213
7226057
7226130
7228023
7229291
7230151
7231011
7231456
7231941
7233336
7233355
7234431
7235624
7235957
7237199
7242006
7242050
7242587
7242834
7244564
7245745
7245786
7245829
7247035
7247397
7248175
7248836
7250256
7250732
7250747
7253124
7254586
7254732
7255825
7256109
7256880
7257597
7261129
7261420
7262432
7263794
7264014
7264389
7266229
7267605
7269512
7270181
7271028
7271401
7272000
7272379
7272592
7272888
7273567
7276103
7276125
7277188
7277217
7277486
7277950
7278674
7278854
7279893
7281209
7282255
7283437
7288709
7288820
7289123
7289323
7291216
7292139
7293418
7294213
7294815
7295153
7295407
7300821
7302720
7303605
7304789
7305250
7305843
7305981
7306508
7307272
7309884
7310636
7312684
7312851
7315047
7315115
7315861
7316750
7316897
7317444
7319332
7319700
7321100
7322269
7322404
7322532
7323286
7323691
7324810
7327704
7332566
7332700
7332873
7333399
7334728
7334942
7335344
7335935
7336066
7336327
7337001
7337023
7337242
7340448
7340947
7344536
7344685
7344718
7345703
7346491
7346619
7347180
7351186
7351500
7352298
7353187
7355115
7355230
7357308
7358825
7359759
7363260
7363546
7365029
7368056
7368542
7369130
7370163
7371823
7372231
7372618
7374883
7375218
7376042
7376882
7378125
7378250
7379107
7381003
7381216
7381409
7382700
7383561
7383757
7384071
7384564
7385037
7385948
7386300
7386450
7386865
7386922
7386989
7387453
7387633
7388315
7390358
7391107
7392187
7392292
7393098
7395528
7395546
7395971
7397309
7398850
7398977
7401777
7403472
7405279
7405350
7405991
7406200
7407330
7408978
7409617
7409831
7409934
7410241
7412082
7412412
7412975
7413002
7413022
7413260
7414135
7415389
7415497
7416757
7418325
7418418
7423304
7426070
7426169
7426576
7427397
7427412
7430644
7431238
7434154
7434826
7435043
7435392
7436333
7436351
7437215
7438146
7438469
7438953
7444981
7446870
7449638
7450789
7451192
7451659
7452352
7453826
7454328
7456911
7457580
7458000
7459948
7460810
7461481
7461929
7462271
7463993
7466483
7467276
7467587
7469380
7469841
7471994
7472101
7472223
7473819
7475154
7476218
7477084
7477752
7477949
7479771
7479885
7480709
7482649
7482840
7483036
7483316
7483452
7484169
7486666
7486715
7487131
7487483
7487770
7488636
7489210
7489644
7489992
7490000
7495191
7495910
7495924
7495994
7496144
7496619
7498415
7498481
7500335
7501163
7501685
7504598
7506457
7506915
7510076
7510499
7510635
7510827
7511485
7511625
7512858
7513926
7514659
7515087
7515728
7516123
7517721
7517723
7517875
7518732
7518944
7519422
7519915
7520295
7520460
7520965
7521297
7521490
7522686
7524435
7527093
7527773
7528627
7529462
7531881
7532074
7532339
7532448
7534194
7534569
7534697
7535811
7537475
7538877
7539863
7543001
7546728
7547519
7549016
7550001
7551820
7552065
7552473
7553146
7554631
7554739
7556669
7557260
7558022
7558955
7560228
7563729
7563924
7565100
7565625
7565984
7570504
7571472
7572525
7572761
7574872
7577122
7578762
7579920
7581221
7582315
7584264
7585923
7586442
7587771
7590078
7590180
7592008
7594215
7594374
7595074
7596029
7596875
7598095
7598514
7599619
7602186
7603745
7604223
7609464
7609663
7610720
7611410
7611886
7612902
7615859
7617320
7617405
7618164
7619100
7620370
7621703
7622954
7623446
7625769
7626005
7626400
7626799
7627840
7629701
7629906
7629923
7631486
7632498
7632555
7632854
7635325
7637040
7638147
7638368
7639169
7640735
7641365
7643316
7643493
7645073
7647278
7647495
7648522
7648989
7649175
7650032
7651184
7654461
7654819
7654945
7655112
7655423
7655733
7656132
7657371
7657730
7658390
7660056
7661055
7661741
7663793
7665154
7666825
7666853
7667944
7668629
7669532
7670983
7671564
7672071
7673627
7674495
7675105
7676440
7677436
7678506
7679292
7679567
7679709
7680589
7681095
7682821
7683174
7684761
7684930
7686227
7688989
7689126
7691087
7691704
7695551
7696183
7697603
7698626
7699240
7702941
7703662
7704113
7704412
7704485
7706141
7706541
7709673
7712995
7713080
7713716
7714141
7717081
7717293
7718055
7720504
7720801
7720910
7721120
7722163
7722663
7723200
7725050
7726230
7726651
7727208
7728674
7733606
7734017
7734713
7735046
7739299
7740939
7742367
7742793
7743294
7744169
7744487
7744673
7745691
7746139
7746249
7746939
7747367
7747442
7747481
7747793
7748050
7752255
7752538
7755422
7756338
7756970
7758874
7759602
7760029
7764814
7764957
7765757
7766615
7769586
7770478
7770711
7771000
7771586
7772071
7772603
7774548
7774931
7774949
7774969
7775010
7775122
7775927
7776787
7777013
7777389
7777918
7778693
7784154
7784621
7785900
7787158
7787758
7787814
7788837
7793078
7793660
7794114
7795445
7795651
7796504
7797756
7798942
7799367
7801442
7802689
7805037
7806862
7807878
7808416
7811236
7814111
7815277
7815939
7816168
7818509
7819101
7820531
7820659
7826668
7826801
7828487
7829877
7830110
7830643
7833102
7833555
7834812
7836767
7836795
7837209
7838179
7838558
7840187
7840563
7841593
7843188
7843428
7844197
7844550
7844822
7845269
7847177
7848335
7848347
7848432
7848505
7849319
7849492
7849958
7851013
7852623
7854538
7856142
7856424
7856737
7857366
7858053
7859999
7863821
7863828
7864921
7867422
7867750
7869145
7869388
7869432
7869899
7870460
7870496
7871137
7872249
7872805
7873435
7873478
7873515
7874133
7874951
7875109
7876982
7878660
7879613
7880381
7881519
7882164
7882328
7885991
7887786
7889618
7891797
7893529
7893884
7895021
7897525
7898752
7900305
7900973
7901056
7904018
7905611
7905751
7905771
7906197
7906577
7906630
7907669
7908846
7909211
7910310
7910498
7910825
7910977
7915875
7916894
7917094
7918107
7918263
7919986
7920292
7920488
7921772
7921995
7922886
7922951
7923969
7923973
7924304
7925537
7926652
7927180
7927335
7930067
7930180
7936271
7937732
7937987
7939561
7939884
7944427
7944539
7945550
7946550
7946632
7947119
7949908
7950880
7951318
7951605
7952487
7952628
7952741
7953064
7953447
7955771
7957687
7957771
7959737
7962504
7962847
7963981
7964193
7966036
7966143
7966707
7967721
7970780
7970868
7974103
7974802
7977904
7979969
7983534
7983652
7984240
7984273
7985588
7987334
7987422
7987776
7988308
7988751
7989741
7990260
7991833
7992107
7992238
7992393
7992726
7992893
7993881
7994585
7995688
7999117
7999382
8000867
8002245
8003476
8003979
8006046
8008764
8010120
8010417
8012497
8013405
8014057
8014412
8015056
8015057
8015781
8017638
8017808
8021018
8025861
8026652
8027458
8027710
8029098
8031326
8032248
8032276
8034307
8034945
8034986
8035733
8036936
8037126
8039334
8041598
8043983
8044131
8044526
8044878
8046387
8048401
8048529
8048628
8050063
8050440
8050740
8051103
8051333
8051463
8051584
8053418
8053801
8055336
8056842
8057522
8057661
8058261
8058814
8059543
8060498
8062958
8062975
8064049
8065080
8066103
8066975
8068012
8068339
8069004
8070285
8073870
8076139
8076217
8078721
8079088
8080776
8081815
8084007
8084292
8090960
8092792
8093640
8095020
8095160
8095765
8096107
8096382
8101281
8103241
8104339
8104524
8104712
8106321
8106407
8106685
8107280
8107964
8110174
8110185
8110294
8110427
8112644
8112818
8113244
8114053
8115934
8116330
8118234
8118450
8119944
8120804
8122177
8122272
8123568
8124337
8125357
8125972
8126901
8126997
8128223
8128616
8128825
8129326
8131385
8132501
8136104
8136476
8137590
8138000
8138863
8139053
8139265
8140528
8141009
8144308
8145669
8146290
8148604
8149010
8150212
8150997
8151121
8152167
8152760
8156489
8162325
8163787
8164292
8165915
8167279
8168837
8170170
8170982
8171880
8171884
8171894
8172497
8173865
8175011
8175571
8175617
8175905
8177151
8179117
8180237
8185480
8185889
8186358
8186480
8186733
8186746
8187134
8188317
8189012
8189300
8189838
8190158
8191412
8192086
8192177
8192594
8193721
8193842
8193944
8194011
8199257
8199319
8199531
8200077
8200987
8202324
8202906
8203608
8204645
8206668
8206829
8207128
8208466
8208618
8209817
8209943
8210980
8213258
8214896
8215004
8217069
8217462
8217741
8218417
8218652
8219170
8219419
8219639
8219756
8220161
8220440
8220734
8223782
8223820
8224547
8225205
8228669
8228875
8229337
8230642
8231726
8233367
8233570
8238469
8240642
8241306
8243700
8245382
8248263
8249794
8250231
8250649
8253540
8255233
8255610
8255977
8256391
8256816
8256876
8257755
8258001
8258803
8259617
8260757
8262431
8264029
8264801
8265522
8266818
8267737
8271690
8272669
8272784
8273679
8275111
8275358
8275643
8275860
8279465
8279876
8285608
8286284
8287600
8287797
8289233
8292890
8293026
8293554
8293996
8295252
8295499
8296358
8298285
8299904
8301418
8302647
8303604
8307629
8308582
8308970
8312496
8317287
8318550
8320483
8320526
8321738
8322042
8322285
8323172
8323466
8323726
8324960
8324966
8325554
8326644
8327407
8328364
8328516
8328932
8329164
8329528
8330959
8333694
8333872
8335066
8335280
8336313
8338082
8340127
8340634
8341203
8341976
8342196
8342428
8343238
8344903
8346092
8346115
8346168
8346685
8347194
8347869
8348129
8348142
8349144
8349476
8349614
8356108
8356649
8358023
8359216
8361489
8361729
8363610
8364616
8366445
8367555
8368071
8370984
8371435
8371774
8373832
8374069
8374276
8374295
8374759
8374771
8375451
8375482
8375525
8376671
8376731
8376938
8377259
8378865
8380098
8380902
8381494
8382427
8386023
8386656
8386697
8386917
8387409
8388027
8388370
8390646
8391076
8391521
8392612
8393740
8394660
8398210
8398759
8398892
8399134
8400044
8400960
8401657
8401695
8403454
8405211
8405811
8406422
8408182
8409217
8409503
8409645
8409912
8410471
8410655
8410949
8411204
8413784
8413811
8413934
8414422
8415147
8415548
8417072
8417140
8417603
8418557
8419117
8420696
8420696
8421993
8422090
8423919
8424538
8425785
8426270
8427746
8428239
8430901
8430927
8431721
8432299
8432483
8432999
8433452
8433890
8434573
8435786
8436665
8437668
8440876
8442949
8443037
8445998
8448430
8448708
8449583
8449659
8450030
8450127
8450460
8451979
8453694
8454414
8455932
8456081
8456375
8457666
8458780
8459473
8460751
8462029
8462069
8462266
8462592
8462857
8464777
8465189
8465442
8465875
8467039
8467455
8467798
8468232
8469911
8472174
8472296
8472944
8473152
8474917
8479138
8479703
8480021
8480869
8481106
8481700
8482280
8482339
8483162
8484488
8484696
8485374
8486034
8486221
8487330
8487783
8487927
8488323
8488777
8489038
8491755
8492692
8493785
8494151
8494676
8495632
8496870
8498976
8500113
8501240
8501626
8501962
8502651
8504292
8504350
8506952
8507752
8509401
8510062
8510094
8513271
8513768
8514519
8515260
8515749
8517115
8518808
8519030
8519716
8520019
8520168
8520737
8521726
8522001
8523678
8524254
8525187
8526411
8526873
8527249
8528370
8531336
8532091
8532290
8532428
8532892
8533177
8533185
8534702
8535013
8535326
8536879
8537283
8537945
8543751
8545323
8545657
8546482
8547491
8548654
8549373
8549458
8549887
8551138
8552044
8556917
8557970
8558184
8560540
8561867
8561886
8561908
8562957
8563574
8564037
8564401
8564510
8566973
8568591
8568830
8569839
8571076
8572202
8573268
8573790
8574358
8574635
8575765
8576388
8577057
8577559
8579860
8579958
8580149
8580150
8581086
8581226
8581515
8585120
8585542
8585745
8587665
8589103
8590590
8590765
8590930
8591440
8591742
8591752
8592290
8597238
8599172
8599402
8601157
8601241
8601315
8601478
8601912
8602881
8604876
8607026
8608944
8609430
8610391
8610417
8610747
8611770
8613081
8613301
8616614
8617122
8617647
8619204
8619429
8620603
8620893
8620975
8620985
8622342
8622591
8623206
8623293
8623656
8624029
8624491
8625210
8625421
8625567
8626607
8626724
8626924
8627894
8627941
8628357
8628789
8630388
8630420
8630751
8632557
8633193
8633400
8636143
8636640
8637651
8637675
8638589
8639282
8639634
8640094
8640587
8640970
8642166
8644533
8645533
8646579
8647283
8648726
8649393
8649718
8649746
8652312
8653039
8653156
8654437
8654762
8657199
8657817
8662559
8663950
8664285
8664370
8664542
8665736
8668551
8671166
8671754
8671759
8673369
8674418
8674782
8676368
8676782
8677538
8680389
8680459
8681806
8681861
8681983
8682751
8684921
8691472
8691647
8691735
8691975
8692780
8695568
8697565
8698394
8698447
8699027
8700754
8701519
8701535
8701812
8703135
8703729
8704485
8705400
8707238
8713308
8713814
8713943
8714904
8715232
8716908
8716956
8717278
8718810
8719216
8720172
8720897
8721860
8722862
8723804
8725017
8726953
8728060
8728258
8728872
8730850
8730970
8732992
8733761
8734689
8734876
8736763
8740800
8743829
8743872
8744047
8744777
8745227
8746868
8747661
8748387
8749117
8749253
8750051
8753405
8755563
8756298
8757446
8759325
8760957
8761568
8761659
8761804
8764488
8764828
8765382
8766075
8766712
8770797
8772212
8773198
8774064
8775270
8776050
8777377
8777856
8779461
8781272
8785490
8785739
8786386
8787454
8790527
8791138
8791958
8792350
8792406
8792502
8792724
8794057
8794409
8794521
8800553
8800835
8800870
8801153
8801173
8801443
8803074
8804478
8805545
8806355
8806445
8807784
8808585
8808741
8809452
8809889
8811577
8813760
8814282
8815380
8816155
8817201
8818446
8818955
8822040
8822516
8823352
8823523
8824910
8828826
8829294
8829357
8830027
8830365
8830593
8830763
8830878
8833428
8835090
8835412
8835495
8836593
8837568
8838164
8839760
8841551
8842299
8842435
8845591
8846135
8846894
8848896
8851235
8851584
8852039
8852481
8852786
8854042
8854062
8857675
8858054
8858256
8859551
8860260
8865740
8868189
8868837
8870249
8870680
8872657
8873165
8875978
8876723
8878187
8884636
8887693
8888228
8889885
8890048
8890371
8894818
8895675
8896755
8898506
8898814
8899831
8900178
8900980
8900994
8901980
8903682
8904405
8905499
8906197
8906622
8907361
8907441
8909365
8909576
8909618
8909699
8909989
8911563
8911786
8912494
8917313
8918064
8919447
8921832
8922186
8922326
8924221
8925238
8925786
8927664
8930959
8933213
8933610
8934683
8936868
8936987
8938329
8939951
8940910
8941036
8941728
8942307
8942709
8944095
8945629
8948004
8948480
8949115
8953642
8956831
8958027
8958091
8958449
8959295
8960629
8961127
8961856
8962500
8962600
8963524
8964125
8965069
8965375
8965557
8966950
8967060
8969447
8970290
8973021
8973847
8973871
8974580
8974801
8975429
8975881
8975978
8976505
8977413
8979245
8979865
8981351
8982353
8982933
8982993
8983086
8983422
8984200
8984471
8984857
8984987
8985672
8986238
8986333
8988174
8988790
8992210
8993446
8994314
8995128
9000681
9001354
9001511
9002904
9004251
9005510
9005601
9007339
9009241
9009428
9010122
9013537
9014523
9015469
9015720
9015752
9017833
9018456
9020468
9022765
9023311
9023591
9024605
9024776
9026234
9026776
9028313
9028806
9029729
9031355
9031536
9032073
9032862
9033333
9034589
9035391
9036029
9037138
9037710
9038585
9038829
9039916
9040743
9041805
9042831
9043102
9043633
9044353
9044646
9044901
9045063
9046852
9050293
9050808
9052630
9052918
9052927
9053079
9054081
9056151
9058025
9059476
9059895
9061918
9063141
9063328
9065186
9065969
9067223
9067431
9067609
9067697
9068399
9068818
9068977
9069027
9070330
9070999
9071116
9073181
9075076
9075615
9075743
9076780
9079095
9079342
9079908
9080636
9080886
9082539
9083031
9086480
9089325
9092351
9093152
9094417
9095609
9095655
9096169
9098738
9102393
9106038
9108354
9110059
9110270
9110699
9112297
9112711
9113328
9114447
9114462
9114641
9115921
9116548
9116840
9117174
9117832
9118513
9118800
9121308
9121784
9121924
9121989
9122023
9126505
9129706
9130772
9130908
9132133
9133069
9134722
9135240
9138264
9138282
9138715
9138989
9140172
9140826
9140875
9141247
9142334
9142779
9145207
9146145
9147069
9147515
9147732
9148632
9150323
9150462
9152986
9153143
9155066
9157620
9158547
9160558
9161002
9161257
9161527
9162035
9162283
9163487
9163925
9164757
9165879
9166582
9166829
9168920
9170114
9171275
9171794
9173201
9175679
9176737
9177265
9183332
9183393
9184492
9185712
9189291
9189617
9189833
9190168
9190702
9191662
9191847
9191893
9193736
9194185
9195746
9196782
9197086
9197235
9197811
9198987
9199093
9200313
9200801
9200885
9202788
9202900
9203049
9204680
9205852
9210206
9210979
9211756
9214647
9215233
9215689
9216446
9217043
9217281
9218751
9219986
9221236
9221326
9223059
9226398
9228398
9229320
9230775
9231791
9233683
9235053
9235462
9235706
9237027
9238311
9238470
9239833
9241873
9241888
9242864
9243468
9243938
9245774
9247757
9248671
9248977
9250011
9252911
9253100
9254283
9254568
9255288
9256387
9257917
9258051
9258306
9259470
9262009
9262583
9263904
9266406
9267667
9269022
9270742
9271173
9272028
9273303
9275456
9277843
9281413
9283917
9285836
9286229
9287719
9288131
9288777
9289672
9290071
9290176
9296072
9296449
9296774
9296835
9298506
9299142
9299513
9299706
9300131
9301039
9301167
9302443
9302580
9302697
9304465
9304487
9304817
9305995
9306240
9306466
9306577
9307354
9308630
9309556
9310840
9311796
9316586
9316706
9319456
9321801
9322037
9322902
9322915
9323427
9326423
9326657
9329225
9329709
9329928
9331367
9334002
9334107
9335133
9335164
9335936
9337207
9337836
9338524
9339467
9339602
9340650
9343768
9344234
9344385
9345178
9345225
9346228
9346827
9347223
9348094
9349542
9352160
9352324
9354671
9356620
9357860
9357998
9358641
9359415
9360871
9363923
9365760
9366143
9366797
9367596
9370448
9372052
9372147
9372260
9373349
9373855
9374550
9376348
9376898
9377313
9377470
9377500
9378337
9378491
9379174
9381560
9382853
9382894
9383281
9383303
9386319
9387536
9388337
9388427
9388584
9389304
9390752
9393584
9394218
9395389
9397820
9398337
9399015
9399083
9400346
9400536
9400702
9400735
9403847
9404619
9405871
9406332
9406543
9407971
9408135
9409271
9409560
9411305
9411898
9412418
9412433
9412819
9412924
9413069
9413094
9413554
9413566
9415518
9416032
9416116
9416931
9418103
9418564
9419369
9419879
9420528
9420721
9421294
9422101
9425676
9425786
9426538
9427405
9427991
9429249
9429649
9429650
9434455
9435518
9435744
9436157
9436982
9439146
9439259
9441500
9442043
9442530
9442652
9443334
9443370
9444267
9444300
9446676
9448499
9448681
9450254
9451238
9452470
9455306
9456208
9457669
9459168
9459366
9460008
9461075
9461918
9465979
9466821
9467046
9470124
9470380
9472633
9473059
9473567
9473950
9474193
9475776
9478661
9480129
9480878
9481764
9481884
9483538
9484421
9484654
9485054
9485269
9485307
9485522
9486052
9488863
9488897
9489949
9490177
9492335
9492803
9493093
9493245
9493451
9494010
9495096
9495354
9496389
9496664
9497247
9500843
9501661
9501666
9502400
9502484
9504476
9505776
9506853
9507092
9508341
9508606
9509185
9509589
9509848
9510631
9511154
9512183
9513620
9513899
9514500
9516833
9517445
9518845
9520631
9521838
9522215
9523515
9524471
9524594
9525515
9526048
9526532
9527092
9527351
9527851
9528119
9528725
9529128
9529154
9530568
9531400
9531752
9531794
9533257
9534911
9536873
9537797
9538049
9538274
9538576
9540075
9540471
9541201
9541652
9542553
9543483
9544209
9544266
9544918
9546119
9546350
9547084
9547247
9547287
9547534
9548121
9548226
9549730
9552293
9552528
9557577
9557795
9558365
9560978
9560997
9561763
9561859
9562421
9563181
9564026
9564480
9566101
9566413
9567578
9568276
9568484
9568616
9569792
9570037
9570878
9571909
9572886
9572965
9575205
9575260
9575676
9577091
9577690
9577822
9579561
9580744
9580952
9581659
9584633
9585426
9588011
9588156
9589844
9590865
9591139
9592334
9593614
9594457
9594465
9595022
9597698
9597939
9598457
9599372
9600867
9601485
9602726
9603565
9605197
9606368
9607582
9609339
9609524
9609782
9611790
9611820
9612496
9613693
9615166
9615304
9618236
9619072
9621380
9621931
9622445
9624583
9624893
9625524
9625673
9626409
9627512
9629507
9630215
9630845
9631361
9633766
9633776
9635083
9635244
9635587
9635878
9636273
9636673
9639006
9640550
9641421
9643461
9643566
9645484
9650353
9650635
9652950
9653714
9654075
9654968
9655804
9656624
9658435
9658456
9658925
9662274
9663249
9664872
9665131
9666467
9666902
9667127
9667502
9667998
9668681
9669516
9669664
9671172
9671752
9672155
9672320
9672635
9676012
9676663
9676837
9677468
9677717
9678173
9678468
9678649
9678963
9679262
9680559
9680838
9683501
9684410
9687307
9687919
9689571
9691201
9691430
9692035
9692377
9692876
9695171
9695231
9695798
9696174
9698586
9700272
9700723
9701161
9703419
9704136
9705107
9705436
9707131
9707540
9707775
9708675
9709016
9709433
9709539
9710555
9713118
9713172
9715400
9717041
9717648
9718567
9719074
9721992
9722835
9723618
9724071
9724491
9725352
9726312
9726503
9728954
9728962
9729707
9733273
9733429
9733894
9734918
9734969
9736275
9737840
9740287
9740888
9741529
9742675
9743885
9745105
9745414
9748707
9750561
9753853
9755936
9757532
9757806
9759633
9760492
9761353
9761745
9762386
9764672
9765404
9766496
9766780
9768394
9770330
9771475
9772020
9772234
9772932
9774317
9774565
9775096
9776712
9777560
9777667
9778175
9779269
9783631
9783667
9784416
9784764
9785428
9785523
9785905
9786226
9786528
9788782
9789124
9789348
9789835
9790459
9792301
9795257
9795366
9796394
9797141
9798315
9801028
9801284
9802056
9803375
9804212
9804310
9805258
9806051
9806367
9806732
9809451
9810512
9813362
9814612
9816339
9817857
9819582
9820114
9821724
9822750
9822860
9824015
9826567
9827984
9828293
9828923
9829481
9830540
9833163
9833661
9833713
9833850
9834400
9834447
9834481
9834853
9835607
9838280
9838425
9841505
9841549
9842053
9842195
9842943
9847027
9847451
9847918
9848145
9848341
9850084
9850543
9851426
9851601
9852888
9854224
9854446
9854683
9856098
9856258
9857344
9858908
9860081
9860596
9861792
9863078
9865319
9865322
9867269
9868156
9871009
9871046
9872531
9872743
9873501
9874863
9875815
9876229
9877624
9878206
9878520
9881530
9881600
9882271
9882893
9884784
9885154
9885196
9885386
9887057
9887186
9887198
9887569
9892379
9893069
9893141
9893403
9895436
9897004
9897638
9898111
9898397
9900574
9901474
9901625
9901984
9904586
9906078
9907854
9908538
9909486
9910959
9914410
9914800
9914800
9916240
9918875
9919772
9921280
9924554
9924812
9933150
9933610
9933931
9935666
9936136
9937264
9939013
9940042
9940086
9940457
9942439
9943989
9944095
9945266
9946277
9946307
9947178
9947779
9948522
9950122
9952366
9953612
9959220
9959708
9961393
9962103
9963007
9963760
9964443
9966067
9967237
9967501
9967654
9970879
9972672
9972835
9972926
9976257
9978009
9978516
9980538
9982271
9983296
9984211
9985199
9985199
9987193
9987437
9988539
9989605
9991182
9993259
9993382
9994425
9994550
9997301
9998305
9998876
9999213
9999242
